4 0.34300323125 0.46995160468749997 0.352169359375 0.4621936984375 0.37281675000000003 0.4599705890625 0.3738369 0.39514270625000003 0.3372962734375 0.36837140156250003 0.30592327343750003 0.3361622890625 0.293000034375 0.3298379609375 0.22186027187500001 0.32395562187500004 0.0929951359375 0.32554830625000003 0.060625090625 0.33863895 0.035792375 0.360365940625 0.030897612499999998 0.369710990625 0.0197852921875 0.37752585625 0.0251467390625 0.47982835156250003 0.0539083171875 0.4807655640625 0.072186003125 0.46446830156249996 0.0886165984375 0.461439496875 0.1730301390625 0.458806728125 0.2729780171875 0.4601701078125 0.304046690625 0.468162403125 0.31158401874999997 0.476798746875 0.32711835625 0.48079489375 0.3421069734375 0.4769765578125 0.34300323125 0.46995160468749997
4 0.7771967234375 0.29282100624999996 0.714872553125 0.294020196875 0.6970545484375 0.29704091875 0.685277321875 0.30712700625 0.6810374234375 0.3258494375 0.6877645296875 0.3626017578125 0.7467681671874999 0.35357191875 0.778678528125 0.3537578140625 0.7903780765625 0.3624184046875 0.80253730625 0.35780245625 0.799754134375 0.3179485890625 0.7771967234375 0.29282100624999996
4 0.32444235312499997 0.3034626921875 0.31813707812500003 0.3323277875 0.317295390625 0.3401341890625 0.34279133125 0.3676222828125 0.36294757031249997 0.3583661375 0.3800876046875 0.3654961609375 0.3825895578125 0.361605084375 0.41267593593749996 0.355531309375 0.42110952187499995 0.3571427 0.43857698593750005 0.3689614140625 0.4591698046875 0.3659568578125 0.467603390625 0.36756824843749997 0.4729347296875 0.3644747828125 0.47309008593749996 0.3269814265625 0.45230208593750004 0.307332065625 0.442777059375 0.29009170625 0.4270244359375 0.282969765625 0.37408467968750003 0.2795368421875 0.33961779375 0.282460575 0.32444235312499997 0.3034626921875
4 0.5734514328125 0.35412451875 0.5733339296875 0.31272392187500003 0.561821203125 0.2868795484375 0.5447357421875 0.2805309734375 0.49473451874999996 0.27945855937499997 0.4795276125 0.2801511015625 0.457983965625 0.2893991640625 0.456900884375 0.31360789843750003 0.47195734843750003 0.3306201046875 0.47489096249999996 0.352769221875 0.5427647640625 0.3516023625 0.5555242859375 0.3555823453125 0.5734514328125 0.35412451875
4 0.5998500203125 0.27538412968750003 0.5903564593749999 0.278453346875 0.5853525515625 0.2862355015625 0.584160325 0.3088813390625 0.5920250859375 0.322206371875 0.64724850625 0.3186224265625 0.6655576578125 0.3226347390625 0.680546275 0.318816403125 0.68418588125 0.2914980390625 0.6664455546875 0.2757720828125 0.5998500203125 0.27538412968750003
4 0.7869085734375 0.2928775828125 0.7860123140625 0.2999025359375 0.8059040546875 0.3265768515625 0.8502465062500001 0.3260540390625 0.8602312156249999 0.33001785625 0.8739415703125 0.327754334375 0.8756249437499999 0.3121415328125 0.8517346984374999 0.28778731562500004 0.7989586609375 0.28669873749999997 0.7869085734375 0.2928775828125
4 0.20874184843750002 0.294977371875 0.1923889328125 0.2792594984375 0.1217403171875 0.2804101953125 0.10705602656249999 0.308445346875 0.10814746718749998 0.3240743140625 0.20798620156249997 0.323874796875 0.2174797625 0.3208055796875 0.20874184843750002 0.294977371875
4 0.9224147781250001 0.30694619375 0.9295155296875001 0.3093309515625 0.9444495734375 0.30473116718750004 0.9655566468749999 0.28923151874999997 0.9650109265625 0.281417034375 0.9385956203125 0.28048202031249997 0.9237707187499999 0.286644703125 0.9199359296875 0.29130914531249996 0.9224147781250001 0.30694619375
7 0.298136190625 0.3040905765625 0.2788993171875 0.286793640625 0.270738590625 0.2890894921875 0.260676203125 0.303872353125 0.2598890875 0.3124602015625 0.2689775390625 0.323448971875 0.30015535781249997 0.333004165625 0.298136190625 0.3040905765625
7 0.0853486625 0.315349065625 0.07293967812499999 0.29652964531250003 0.061731278125 0.294902090625 0.053625124999999996 0.2979793890625 0.05011776875 0.3073325234375 0.0656835703125 0.33163824375 0.0845069765625 0.3231554671875 0.0853486625 0.315349065625
7 0.051754928125 0.3307759734375 0.047210703124999996 0.3252815875 0.03877711875 0.323670196875 0.0162441640625 0.30995710781249997 0.0183234421875 0.3496321 0.0365794890625 0.351778090625 0.0485750046875 0.344817796875 0.051754928125 0.3307759734375
7 0.8853598984375 0.2926699828125 0.8957811843749999 0.3028853875 0.9106060843750001 0.29672270625 0.91838480625 0.2889567171875 0.9147368421875001 0.276437378125 0.9045338421875 0.26934776718750003 0.9004261953125001 0.27010496875 0.88454131875 0.2809482578125 0.8853598984375 0.2926699828125
7 0.8943392046875 0.30209585625 0.9012762421874999 0.30213626875 0.9103877984375 0.2935969140625 0.9083455265625 0.2842114515625 0.8994753640625 0.2763484734375 0.8911509203125 0.2762999796875 0.8858741546875001 0.28017489218749997 0.8869655953125 0.295803859375 0.8943392046875 0.30209585625
7 0.800127778125 0.2835810265625 0.794196146875 0.27807855937500003 0.7820914859375 0.28347595625 0.779698678125 0.288929928125 0.785630309375 0.294432396875 0.800127778125 0.2835810265625