4 0 0.678125 0.0125 0.6734375 0.022222221875 0.6578125 0.51805555625 0.65703125 0.527777778125 0.66484375 0.5513888890625 0.665625 0.5625 0.65390625 0.577777778125 0.64921875 0.6041666671875 0.6484375 0.6111111109375 0.65390625 0.6861111109375 0.65546875 0.6888888890625 0.66953125 0.6972222218749999 0.66953125 0.7125 0.6859375 0.7708333328125 0.690625 0.7861111109375 0.68828125 0.8013888890624999 0.68046875 0.80694444375 0.66328125 0.8055555562500001 0.54453125 0.7958333328125 0.47890625 0.7875 0.45625 0.7875 0.40078125 0.7625 0.375 0.7083333328125 0.2921875 0.6888888890625 0.27265625 0.6555555562500001 0.25703125 0.559722221875 0.24921875 0.42222222187499997 0.2484375 0.415277778125 0.24609375 0.2416666671875 0.246875 0.14305555625 0.2515625 0.1111111109375 0.25546875 0.077777778125 0.2671875 0.0166666671875 0.31328125 0 0.334375 0 0.678125
4 0.6772546578124999 0.26241779374999996 0.7203102140625 0.30226154375 0.7453102140625 0.34991779375 0.7522546578125 0.35382404375 0.756421325 0.35226154374999996 0.766143546875 0.33507404375 0.768921325 0.29757404374999996 0.7633657687500001 0.26944904375 0.75086576875 0.26476154375 0.75086576875 0.25929279375 0.766143546875 0.24523029375 0.7550324359375 0.24523029375 0.7453102140625 0.24054279374999998 0.721699103125 0.20616779375 0.7022546578125 0.1928865453125 0.681421325 0.1897615453125 0.5578102140625 0.1858552953125 0.4675324359375 0.1905427953125 0.4480879921875 0.20069904374999997 0.42447688125000005 0.23116779375 0.409199103125 0.23976154374999997 0.41058799218750003 0.24601154374999998 0.566143546875 0.24913654375 0.6633657687500001 0.25616779375 0.6772546578124999 0.26241779374999996
4 0.9986111109375001 0.26015625 0.9986111109375001 0.16953125 0.9388888890624999 0.1703125 0.9069444437499999 0.196875 0.9 0.21875 0.89444444375 0.221875 0.89444444375 0.26015625 0.9111111109375001 0.2703125 0.9236111109375 0.27109375 0.9444444437499999 0.26328125 0.972222221875 0.25859375 0.9986111109375001 0.26015625
4 0.89305555625 0.16953125 0.8736111109375001 0.1515625 0.8138888890624999 0.146875 0.7958333328125 0.1578125 0.7875 0.16875 0.790277778125 0.20234375 0.8208333328125 0.19609375 0.85601851875 0.196875 0.8763888890624999 0.20234375 0.890277778125 0.2 0.89305555625 0.16953125
4 0.7266173031250001 0.2021322765625 0.7280061921875001 0.181819778125 0.7155061921875 0.166976028125 0.7002284140625 0.15760102812500001 0.639117303125 0.15213227812500002 0.62939508125 0.16150727812500001 0.6280061921875 0.166194778125 0.6446728578124999 0.17166352812500002 0.6877284140625 0.170882278125 0.7030061921875 0.18885102812500001 0.7196728578125 0.2021322765625 0.7266173031250001 0.2021322765625
4 0.7208333328125 0.20390625 0.722222221875 0.19140625 0.6972222218749999 0.184375 0.6986111109375 0.1890625 0.7208333328125 0.20390625
4 0.7333333328125 0.15078125 0.709722221875 0.153125 0.709722221875 0.1625 0.727777778125 0.1828125 0.75555555625 0.184375 0.7569444437499999 0.16484375 0.75 0.1546875 0.7333333328125 0.15078125
4 0.690277778125 0.17734375 0.675 0.17109375 0.6166666671875001 0.16640625 0.5791666671875 0.16796875 0.5555555562500001 0.1765625 0.5527777781250001 0.18125 0.559722221875 0.18515625 0.675 0.18828125 0.6875 0.18671875 0.6861111109375 0.17890625 0.690277778125 0.17734375
6 0.313613109375 0.1929878265625 0.3256378203125 0.20081229218750002 0.33277750625 0.187912515625 0.32000123125 0.18241425 0.317370834375 0.163170340625 0.31511620625000003 0.1517508734375 0.30311089999999996 0.1525302765625 0.283551303125 0.165496525 0.276787384375 0.1938337171875 0.2869332609375 0.2033499359375 0.2910667546875 0.188758396875 0.313613109375 0.1929878265625
6 0.5069444437499999 0.16328125 0.502777778125 0.15625 0.49305555625 0.1578125 0.4763888890625 0.17578125 0.475 0.18125 0.48472222187499997 0.18671875 0.5166666671875 0.18515625 0.527777778125 0.18125 0.5236111109375 0.171875 0.5069444437499999 0.16328125
6 0.3906464890625 0.17797335 0.40417429531250004 0.18537485468749998 0.40868355625 0.17184067187500002 0.40417429531250004 0.15894090624999999 0.4011681046875 0.1504820453125 0.38438521406250004 0.151473240625 0.3684759015625 0.1680341859375 0.37073053125 0.180933946875 0.3805006125 0.187912515625 0.37974907812500003 0.1786077640625 0.3906464890625 0.17797335