11 0 0.99921875 0.5565939765625 0.99921875 0.8743509859374999 0.9875 0.9989615781250001 0.98671875 0.9989615781250001 0.87734375 0.9937694703125001 0.871875 0.7144340609375 0.8234375 0.598130840625 0.79765625 0.5846313609375 0.796875 0.575285565625 0.80390625 0.55140186875 0.8 0.541017653125 0.7859375 0.5015576328125 0.77734375 0.4890965734375 0.7796875 0.46728972031250005 0.775 0.44029075781250004 0.77734375 0.43302180625000003 0.77421875 0.41536863906250004 0.77421875 0.413291796875 0.77890625 0.3935617859375 0.790625 0.3842159921875 0.8046875 0.3707165109375 0.8109375 0.3582554515625 0.80546875 0.3509865 0.7921875 0.35306334375000004 0.7859375 0.1806853578125 0.825 0.151609553125 0.834375 0.119418484375 0.8375 0.069574246875 0.85 0.0051921078125 0.859375 0 0.86328125 0 0.99921875
12 0.6157840078125 0.74140625 0.620976115625 0.74453125 0.633437175 0.74375 0.63551401875 0.7234375 0.6168224296875 0.721875 0.6157840078125 0.74140625
4 0.717549325 0.775 0.716510903125 0.7875 0.7237798546875001 0.79609375 0.7320872281249999 0.79921875 0.7331256484375 0.7828125 0.7237798546875001 0.77265625 0.717549325 0.775
4 0.8037383171875 0.78671875 0.8016614750000001 0.77578125 0.7819314640624999 0.746875 0.7705088265625 0.7515625 0.7455867078125 0.78203125 0.7445482859375 0.8 0.7725856703125 0.80078125 0.7808930421875 0.79765625 0.7902388375 0.803125 0.7975077875000001 0.8015625 0.8037383171875 0.78671875
4 0.43925233593749996 0.77265625 0.45690550312499995 0.771875 0.4548286609375 0.75703125 0.4434060234375 0.7578125 0.438213915625 0.76328125 0.43925233593749996 0.77265625
4 0.472481828125 0.7625 0.47352025 0.775 0.49636552500000003 0.7734375 0.49636552500000003 0.76328125 0.49117341718749996 0.75859375 0.4776739359375 0.7578125 0.472481828125 0.7625
7 0.42263759062500006 0.75703125 0.4184839046875 0.75703125 0.4164070609375 0.75859375 0.41536863906250004 0.76015625 0.41536863906250004 0.76796875 0.4164070609375 0.76953125 0.4195223265625 0.7703125 0.42263759062500006 0.7671875 0.42263759062500006 0.75703125
4 0.43198338593749996 0.7703125 0.43509865000000003 0.7703125 0.43717549375000003 0.76953125 0.438213915625 0.7671875 0.438213915625 0.7625 0.43717549375000003 0.76171875 0.43717549375000003 0.759375 0.43509865000000003 0.7578125 0.43302180625000003 0.75703125 0.4278296984375 0.75703125 0.4267912765625 0.7578125 0.4236760125 0.7578125 0.4205607484375 0.7609375 0.4205607484375 0.76484375 0.4184839046875 0.7671875 0.4195223265625 0.76875 0.42159916875 0.76953125 0.4309449640625 0.76953125 0.43198338593749996 0.7703125
4 0.46625129843749996 0.765625 0.468328140625 0.76328125 0.46625129843749996 0.759375 0.46002076875000003 0.75859375 0.45794392500000003 0.759375 0.45794392500000003 0.76875 0.45898234687499995 0.7703125 0.4652128765625 0.7703125 0.46625129843749996 0.76953125 0.46625129843749996 0.765625
7 0.3894081 0.7828125 0.386292834375 0.7640625 0.3779854625 0.7515625 0.3727933546875 0.75078125 0.3707165109375 0.75234375 0.3603322953125 0.7671875 0.3592938734375 0.79609375 0.3603322953125 0.79921875 0.3707165109375 0.80625 0.3727933546875 0.80625 0.3842159921875 0.7984375 0.3894081 0.7828125
7 0.575285565625 0.79453125 0.57840083125 0.778125 0.5804776734375 0.77578125 0.5794392515625 0.76640625 0.5721703015624999 0.75546875 0.56490135 0.75234375 0.5597092421875 0.7546875 0.5555555562500001 0.7625 0.55140186875 0.76640625 0.5503634468749999 0.771875 0.55140186875 0.79453125 0.5534787125 0.7953125 0.5597092421875 0.803125 0.56697819375 0.803125 0.575285565625 0.79453125
7 0.390446521875 0.77890625 0.3925233640625 0.78125 0.39563862968749997 0.78125 0.39875389375000003 0.77890625 0.399792315625 0.77890625 0.399792315625 0.778125 0.4039460015625 0.775 0.4060228453125 0.771875 0.4060228453125 0.76875 0.40706126718749996 0.76796875 0.40706126718749996 0.75546875 0.4039460015625 0.75546875 0.39563862968749997 0.7515625 0.3894081 0.75703125 0.38733125625 0.76015625 0.38733125625 0.7625 0.386292834375 0.76328125 0.38733125625 0.7640625 0.38733125625 0.76796875 0.388369678125 0.76875 0.390446521875 0.77890625
7 0.390446521875 0.77578125 0.3914849421875 0.78046875 0.3925233640625 0.78125 0.39563862968749997 0.78125 0.399792315625 0.778125 0.4039460015625 0.771875 0.4039460015625 0.76640625 0.399792315625 0.75625 0.397715471875 0.7546875 0.39563862968749997 0.75390625 0.3925233640625 0.75625 0.3925233640625 0.75703125 0.3894081 0.76015625 0.3894081 0.76328125 0.388369678125 0.7640625 0.388369678125 0.77109375 0.3894081 0.771875 0.3894081 0.775 0.390446521875 0.77578125
7 0.647975078125 0.78203125 0.6542056078125 0.78671875 0.661474559375 0.775 0.6542056078125 0.7625 0.6490135 0.76328125 0.647975078125 0.78203125