11 0 0.9657699828125 0.47628422031250006 0.9741242203124999 0.9477615187499999 0.9494151421874999 0.9555183796875 0.8603201859375 0.9508219453125 0.8547540265625001 0.676729353125 0.8013756750000001 0.5630983781250001 0.7735304203125 0.5497163203125 0.7725122953125 0.5397917640625 0.7793887921875 0.5163358312499999 0.775060378125 0.5072153687500001 0.7607992453125 0.46864862812499997 0.7515053953125 0.45602879218750003 0.7536342296874999 0.434710215625 0.74855990625 0.40760559374999994 0.7504346734375 0.4006356015625 0.7471788265625 0.3830469328125 0.7468703125 0.3805690734375 0.7515272359375 0.3598896359375 0.7629154703125 0.349352171875 0.7768317953125 0.33535720625 0.7828534968749999 0.323418378125 0.777160303125 0.31733369843750003 0.763735815625 0.3199477609375 0.7575144890625001 0.1447945265625 0.7936121 0.11500774375 0.8024903968749999 0.0826618828125 0.805056625 0.031910140625 0.8167007765625 0 0.8207586828125001 0 0.9657699828125
12 0.6029746734375 0.720175440625 0.6068145515625 0.6998744578125 0.5883274546874999 0.6979833906249999 0.5855903062500001 0.71752031875 0.590491040625 0.72073986875 0.6029746734375 0.720175440625
4 0.684055484375 0.752933534375 0.68193124375 0.765430634375 0.6884245296875 0.7741619015625 0.696429146875 0.7774358968749999 0.6988938921875001 0.7610277812499999 0.690467553125 0.7506958125 0.684055484375 0.752933534375
4 0.750654028125 0.7258993921875 0.73886451875 0.7303929828125 0.7113775234374999 0.7604633515625 0.7087765765625 0.7784358734375 0.736643425 0.7797080671875001 0.7451928484375 0.7767244390625 0.7540277921875 0.7823631890625 0.7614063875 0.78092581875 0.76890806875 0.7661728484375 0.767792225 0.7551857109375 0.750654028125 0.7258993921875
4 0.423861003125 0.730351465625 0.41241199687499996 0.7309340421875 0.406762153125 0.7363187234375 0.4069795703125 0.74572330625 0.42463634062500005 0.7452496171874999 0.423861003125 0.730351465625
4 0.44097296718749995 0.7361353984375001 0.44091798281249994 0.7486687937500001 0.4638159921875 0.747503640625 0.464701303125 0.7373350015625 0.45993676875 0.7325510453125 0.44655470937499997 0.7315329203125 0.44097296718749995 0.7361353984375001
7 0.3835917390625 0.7406126890625 0.3844901640625 0.74219524375 0.38752594687499997 0.7430318890625001 0.390902234375 0.7399575203125 0.39178754374999997 0.7297888828125 0.3876490328125 0.729716290625 0.3854435765625 0.7312444015625 0.384272746875 0.732790659375 0.3835917390625 0.7406126890625
4 0.3893777859375 0.7336636015625 0.38903728125 0.737574615625 0.3867637234375 0.7398849296875001 0.38766215000000004 0.741467484375 0.38966330312499997 0.7422859828124999 0.39897495312500003 0.7424493125 0.3999414796875 0.7432496625 0.4030453625 0.7433041078125 0.40518271875 0.7425581984375 0.40642164999999997 0.7402297390625 0.406830253125 0.7355365218750001 0.40586372812500005 0.73473616875 0.4060680296875 0.7323895609375 0.4041349765625 0.730788859375 0.40213382031249995 0.7299703609375 0.39696068125 0.729879621875 0.395857953125 0.7306436765625001 0.392754071875 0.7305892328125 0.3893777859375 0.7336636015625
4 0.4288979390625 0.7320066109375001 0.4267605828125 0.7327525171875 0.42594337187500003 0.742138953125 0.42684179999999994 0.7437215078125 0.4330495640625 0.7438303937499999 0.43415229375 0.7430663390625 0.43449279843750005 0.739155325 0.43676635468749997 0.736845009375 0.43503760468749997 0.7328976984375 0.4288979390625 0.7320066109375001
7 0.3549626671875 0.7361935359375 0.347775259375 0.7235331046875 0.3426702234375 0.7226601625 0.3404647640625 0.7241882734375 0.3288245734375 0.7388686515625 0.32527021562499997 0.7677920140625 0.32603244062500003 0.770938975 0.3357658109375 0.7781602796875 0.337835065625 0.7781965750000001 0.3498969796875 0.770574171875 0.3564321328125 0.75502085 0.3549626671875 0.7361935359375
7 0.52434045 0.778334371875 0.5315828453125 0.7784614078125001 0.5406089734374999 0.77000235625 0.5451429734375 0.7536305375000001 0.5474165296875 0.751320225 0.5471991125 0.741915640625 0.5409101296875 0.7308377625 0.5339401406250001 0.727581915625 0.5285626999999999 0.7298377859375 0.52374318125 0.737587225 0.519264165625 0.7414256484374999 0.5177528328125 0.7468829218749999 0.5168125375 0.76958495625 0.5188136921875001 0.7704034546874999 0.52434045 0.778334371875
7 0.36536393125 0.7238416171875001 0.358679459375 0.7292081515625 0.35633780000000004 0.73230066875 0.35613349843750003 0.7346472765625001 0.3550307703125 0.73541133125 0.3559972953125 0.7362116828125 0.3556567921875 0.7401226984375 0.35662331875 0.7409230499999999 0.35780726406249996 0.751127984375 0.35967221718750003 0.7535108890625 0.3627761 0.75356533125 0.36608428593750003 0.751273165625 0.3671189125 0.7512913140624999 0.3671870140625 0.7505091109375 0.37159792812500003 0.7474528890625 0.3739395875 0.7443603734375001 0.374211990625 0.7412315625 0.37531471875 0.7404675078125 0.37640433125 0.7279522593750001 0.37330044687499997 0.727897815625 0.36536393125 0.7238416171875001
7 0.35840705625 0.7323369640624999 0.358134653125 0.7354657765625 0.3570319234375 0.7362298296875001 0.356419015625 0.7432696578125 0.35738554375 0.7440700078125 0.357113140625 0.7471988203125 0.3580796671875 0.747999171875 0.3587056890625 0.7527105374999999 0.35967221718750003 0.7535108890625 0.3627761 0.75356533125 0.3671870140625 0.7505091109375 0.37187033125 0.744324078125 0.37234703593749996 0.7388486578125 0.3690938359375 0.7286074265625 0.36716078125 0.7270067250000001 0.36515962812499997 0.7261882265625 0.3618514421875 0.7284803921874999 0.361783340625 0.7292625953125 0.35840705625 0.7323369640624999
7 0.6281855921874999 0.7519535515625 0.622032809375 0.7393112687500001 0.6167915703125 0.7400027328125 0.6141225234375 0.75875745625 0.6199216843750001 0.7635595609375 0.6281855921874999 0.7519535515625