4 0.2805460015625 0.2461290203125 0.2598397875 0.27715119062500004 0.23747089843750002 0.280798675 0.2362819390625 0.3440928734375 0.22743242968750002 0.390884690625 0.2344767 0.45661948125 0.246810640625 0.4606709765625 0.2663078578125 0.45933480156249995 0.275018325 0.4500572390625 0.2769473046875 0.43679282500000005 0.28691862343749996 0.43065626406249996 0.34121411562500004 0.42738046562500004 0.4009029828125 0.4280753625 0.42714986875000005 0.43150725 0.44254637656250007 0.42856017343749997 0.44658345468749994 0.4317334953125 0.4590764734375 0.43187893906249997 0.4648516359375 0.42647510781250003 0.5174090421875001 0.4317764640625 0.5300293234375 0.428797065625 0.5479157140625001 0.4329132015625 0.560535996875 0.42993380468750003 0.58242765 0.4380044734375 0.5856375171875 0.4614892640625 0.5938389359375 0.4647110671875 0.61466063125 0.4649534734375 0.62330746875 0.45723833281250004 0.6307606046875 0.342432734375 0.6213101171875001 0.30168051406249996 0.5902543171875 0.24582673124999999 0.5767231578125 0.23707181406250002 0.460312546875 0.23102708125000002 0.36030476562499997 0.2314259546875 0.29622885 0.23615105 0.2805460015625 0.2461290203125
4 0.36856629375 0.335472371875 0.37228521406250004 0.3464577984375 0.3742141953125 0.3331933828125 0.36856629375 0.335472371875
4 0.6914392796875 0.216523075 0.677705446875 0.246844834375 0.6868177421875 0.2618009515625 0.6914475359375001 0.28452069375 0.70977935 0.2776998859375 0.784864725 0.2754477046875 0.8166640640624999 0.27894423437500004 0.8274189984375001 0.2876668296875 0.8399120171875 0.28781227343750004 0.8456235484375 0.28397086250000003 0.8469916234375001 0.25037881875 0.8381338546875 0.2291730171875 0.8112624328125 0.20697592031249998 0.75573790625 0.2063295046875 0.7379469609375 0.1998697375 0.7349798390625 0.2045246796875 0.7098665375000001 0.20735863437500002 0.6914392796875 0.216523075
4 0.4746390984375 0.2202517390625 0.45901987968749997 0.22866728906249997 0.5594990078125 0.23374496718749999 0.5835682765625 0.239496246875 0.591674246875 0.24506167968749998 0.6240545281250001 0.30249404375 0.6325305078125 0.3330743703125 0.66543161875 0.343617953125 0.6807326796875001 0.34301450624999996 0.6837634312499999 0.3367971453125 0.686308690625 0.27430031875 0.6826215859375 0.26253368125 0.66246801875 0.24588585937500002 0.64663786875 0.22538046562499997 0.638436453125 0.2221586625 0.6025045890625 0.21783244062499998 0.5039167390625 0.21746626562500002 0.4746390984375 0.2202517390625
4 0.6693131359375 0.2483102921875 0.7014424125 0.20960530312499998 0.69885708125 0.2048857203125 0.6907192953125 0.20010149687499998 0.6700248609375 0.1967342484375 0.6241216796875 0.1985445890625 0.6073052421875 0.202256715625 0.595691284375 0.21462679843750002 0.6492868328125 0.228537628125 0.6693131359375 0.2483102921875
4 0.5942713562499999 0.2153918484375 0.6059489453125 0.20145934531249998 0.6367101453124999 0.1963464015625 0.63141221875 0.1900320765625 0.625987028125 0.18684259375 0.6024527359375 0.185005446875 0.5773712515625 0.187058190625 0.55872128125 0.201691103125 0.5583713078125 0.21028441718750002 0.5678653921875 0.2158660109375 0.5942713562499999 0.2153918484375
4 0.5345942671875 0.1803075375 0.509512784375 0.18236028124999998 0.5042985265625 0.2080917421875 0.5336079812500001 0.20452505781250002 0.543738378125 0.194482446875 0.5427002390625 0.18587297187500001 0.5345942671875 0.1803075375
4 0.5350915406250001 0.2021975875 0.53739053125 0.2139480625 0.5583394937499999 0.2110656265625 0.567527196875 0.19006990937499998 0.5466418671875 0.19138992500000002 0.5350915406250001 0.2021975875
4 0.7381060390624999 0.1959636859375 0.7258993609375 0.18878735 0.7009451390625 0.18771525312499998 0.6828360375 0.1890675890625 0.6742210156249999 0.1960015203125 0.7098983546875 0.206577425 0.7363679515625 0.2045408390625 0.7381060390624999 0.1959636859375
7 0.8653670312499999 0.208387384375 0.8680159937499999 0.211544546875 0.869117765625 0.21859160156250002 0.8744156921874999 0.224905925 0.8771282890625001 0.2265006671875 0.881292625 0.226549146875 0.8827125546874999 0.225784096875 0.8900349109375 0.216490375 0.8901621734375 0.213365534375 0.8915821015625 0.212600484375 0.89186844375 0.205569590625 0.89477193125 0.20247706875000002 0.8934156359375001 0.2016796984375 0.8935747140625001 0.19777364687500001 0.89086211875 0.19617890625 0.8826288859375 0.1937383125 0.8798526609374999 0.1937059921875 0.8784327328125 0.1944710421875 0.8742683921875001 0.19442256093750002 0.8657170031250001 0.199794071875 0.8653670312499999 0.208387384375
7 0.8236281890624999 0.2102462046875 0.8265316781250001 0.207153684375 0.8266271234375001 0.20481005468750002 0.8280470531249999 0.20404500312499999 0.8313959625 0.1900155375 0.8287470000000001 0.186858375 0.8232899937499999 0.1844501046875 0.817737540625 0.1843854625 0.8148976843750001 0.18591556250000002 0.811962378125 0.18978929375 0.811357878125 0.2046322890625 0.8222400750000001 0.21023004531249997 0.8236281890624999 0.2102462046875