6 0.6485350328124999 0.5270182078125 0.647187575 0.5266097140625 0.6417770390624999 0.532121125 0.641651796875 0.557681975 0.6530130187500001 0.5575605015625 0.6572853203125 0.54069500625 0.6566096124999999 0.53367551875 0.6485350328124999 0.5270182078125
2 0.739721221875 0.5445298015625 0.7326915234375 0.546728703125 0.7300021 0.5490791703125 0.72991684375 0.5515205765625 0.7314653921875001 0.5569522953125 0.739260840625 0.5577133953125 0.742120775 0.550480115625 0.739721221875 0.5445298015625
2 0.48481825624999997 0.551761325 0.49433276406250004 0.5530713328125 0.496290540625 0.5467843015625 0.49823126718750005 0.540985553125 0.4869806453125 0.5396149203125 0.480138509375 0.5364427265625 0.4731940640625 0.5362002218749999 0.47385750625 0.542089909375 0.47804432343750003 0.5466360078125 0.48481825624999997 0.551761325
2 0.44962015468749994 0.5392880156250001 0.43831838125000006 0.5393822265625 0.4381478703125 0.5442650390625 0.4405985765625 0.548750509375 0.444819496875 0.55232004375 0.44931323437500004 0.5480770781250001 0.45116870468750003 0.5447197359375 0.44962015468749994 0.5392880156250001
4 0.5645907015625 0.5570891984374999 0.5758109390625 0.5543522078125 0.6202008203125 0.5574667421874999 0.62069189375 0.5434042421874999 0.6169344546875 0.5315399890625 0.6088193765625001 0.52499898125 0.5699577703125 0.5228597015625 0.5629041984375001 0.525742196875 0.559935446875 0.5311139453125 0.5591442734375 0.5537701953124999 0.5645907015625 0.5570891984374999
4 0.1346626296875 0.5240851171875 0.125565403125 0.5456691109375 0.13204605625000002 0.5591928671875 0.1417137140625 0.5610948734375001 0.1572097484375 0.5553783859375 0.18362591875 0.5555186562500001 0.197296553125 0.5622536671875 0.20979655312499998 0.5626901765625 0.2142360375 0.5550231796875 0.22545627499999998 0.5522861875 0.224503896875 0.5397376875 0.217886834375 0.53012018125 0.208328303125 0.5250931734375001 0.1962648125 0.5121566640624999 0.1810961625 0.508498153125 0.14915171875 0.507382628125 0.1320758234375 0.518519365625 0.1346626296875 0.5240851171875
4 0 0.556589446875 0.0042137140625 0.55629326875 0.022078298437499998 0.5623925328125 0.044327801562500005 0.5623872984375 0.0453099484375 0.5342622984375 0.036242490625 0.5151727921875 0.0268203671875 0.506239534375 0 0.503838403125 0 0.556589446875
4 0.5220535015625 0.540741915625 0.527581775 0.5417171703125 0.528018284375 0.5292171703124999 0.519766796875 0.5265824140625 0.5058506265625 0.526878653125 0.5001313796875 0.5313721484375 0.5039979453125001 0.5401114015624999 0.5130257234375 0.540426659375 0.5183506265625 0.5273151625 0.5220535015625 0.540741915625
4 0.3682414984375 0.5252020468749999 0.3742310796875 0.552788303125 0.40200885625 0.5537583234375 0.40122016718750003 0.5365223234375 0.391852609375 0.5260265656249999 0.3682414984375 0.5252020468749999
4 0.36020578125 0.5562095421875 0.36995528437499997 0.5557678 0.37071917656250003 0.5338928000000001 0.3641293953125 0.52349404375 0.3545981453125 0.5176857859374999 0.3226264203125 0.5173515125 0.3344443734375 0.5373192718750001 0.3352876265625 0.552992771875 0.3533977453125 0.5520607859375 0.36020578125 0.5562095421875
4 0.29217750625 0.5530517390624999 0.296262328125 0.5555409921875001 0.33095726718749996 0.55753476875 0.33526034375 0.553774021875 0.3342806828125 0.542006771875 0.3211556859375 0.5196467609375001 0.3017930859375 0.5166239953125 0.2808779078125 0.5182402296874999 0.268050525 0.5271787203125 0.265706771875 0.55447396875 0.2697643109375 0.557744471875 0.29217750625 0.5530517390624999
4 0.13005035781250002 0.53670003125 0.1335192765625 0.5170053671875 0.123742490625 0.518228359375 0.11510905625000001 0.5265311031250001 0.1135019125 0.5327326015625 0.130250425 0.5309708640624999 0.13005035781250002 0.53670003125
4 0.1283158984375 0.5465473624999999 0.129685209375 0.538773153125 0.1133109390625 0.5382013515625 0.1144542921875 0.545281103125 0.119928003125 0.5478188562499999 0.1283158984375 0.5465473624999999