6 0.647457934375 0.53105795625 0.64718408125 0.5566108609375 0.658541971875 0.556621584375 0.662910840625 0.5398100718750001 0.6622761953125 0.5327845046874999 0.6542432046875 0.526034953125 0.6528986 0.5256108859374999 0.647457934375 0.53105795625
2 0.7355530140625001 0.5490380265625 0.7354535906249999 0.551477821875 0.7369699984375 0.556926178125 0.7447582515625 0.5577777687500001 0.7476592359375 0.5505795953125 0.745295140625 0.544602878125 0.7382551515625 0.54671944375 0.7355530140625001 0.5490380265625
2 0.50193786875 0.544024953125 0.503911628125 0.538250253125 0.492672978125 0.5367490874999999 0.48585172187500003 0.5334981046875 0.47891115468749995 0.5331748765625 0.4795401078125 0.5390707875 0.4836989984375 0.543664434375 0.49044071562499997 0.548867253125 0.499944225 0.5502876125 0.50193786875 0.544024953125
2 0.4438305140625 0.5408299484375 0.4462542625 0.545342790625 0.4504529234375 0.548960521875 0.454969740625 0.5447709093750001 0.4568440765625 0.5414360046875 0.45532766562500004 0.5359876484375 0.44402936249999997 0.535950359375 0.4438305140625 0.5408299484375
4 0.62574198125 0.556146140625 0.6263146640625 0.5420929234375 0.6226275593749999 0.5301879703125 0.61455340625 0.523554221875 0.575718053125 0.5209634046875 0.5686502250000001 0.5237631125 0.5656512890625 0.5290989609375 0.5647286328125001 0.5517402546875 0.5701538234375 0.5551217765625001 0.5813859890625 0.5525160046875001 0.62574198125 0.556146140625
4 0.13775067968750002 0.552193075 0.147403840625 0.5542070640625 0.1629276109375 0.5486722937499999 0.1893335765625 0.5491198296875 0.20296018437500002 0.5560121625 0.2154532015625 0.5565939765625 0.219935696875 0.5489805703124999 0.23116786562499997 0.5463747984375 0.23028880625 0.53381840625 0.223730028125 0.5241263640625 0.2142041296875 0.5189894374999999 0.20222016250000002 0.5059158781249999 0.18707818125 0.5020818359375 0.155151578125 0.5005949828125 0.138016984375 0.5115302453125 0.1405705 0.517124678125 0.1313509796875 0.5385973625 0.13775067968750002 0.552193075
4 0 0.548392340625 0.0099806359375 0.5478071250000001 0.027803396875000004 0.5541126625 0.0500450234375 0.5543662609375 0.051190390625000005 0.5262598265625 0.042237175 0.5070696828125001 0.0328703546875 0.498029084375 0 0.49470176875 0 0.548392340625
4 0.5337565015625 0.526831371875 0.5255232703125 0.52410129375 0.511610321875 0.524235571875 0.5058669765625 0.52866139375 0.509681340625 0.5374434078125 0.5187040765625001 0.53786360625 0.524103340625 0.5248173828125 0.5277268125 0.538283803125 0.5332474484375 0.539323121875 0.5337565015625 0.526831371875
4 0.407649134375 0.549900415625 0.406960965625 0.532659615625 0.397657778125 0.5220575484375 0.37405985468749997 0.52095856875 0.3798868703125 0.5486074984375 0.407649134375 0.549900415625
4 0.3764861078125 0.5296759390625 0.369959146875 0.5192031640625 0.3604650640625 0.513285503125 0.32850664687500003 0.5125793828125 0.340204271875 0.532679553125 0.340956071875 0.548358884375 0.35906517187500003 0.5476378109375 0.3658466609375 0.5518647125 0.37559526875000004 0.5515364984375 0.3764861078125 0.5296759390625
4 0.3366008359375 0.5528493515624999 0.3409242546875 0.5491396187500001 0.340013378125 0.5373639578125 0.327023084375 0.5148569390625 0.307684946875 0.5116096953125 0.286767803125 0.5129822109375 0.2738929953125 0.521769209375 0.2713913328125 0.5490302640625 0.275428409375 0.5523471390625 0.2978609296875 0.5479163312499999 0.301929821875 0.550452471875 0.3366008359375 0.5528493515624999
4 0.12968830468749998 0.5111423703125 0.12100965156250001 0.5193425734375 0.1193670125 0.5255238015625 0.13611981875 0.5239573484375 0.135886503125 0.5296827328125 0.139468728125 0.5100334234375 0.12968830468749998 0.5111423703125
4 0.11914430312499999 0.530988940625 0.120246075 0.5380801953125001 0.12570308125000001 0.5406809828125 0.134095390625 0.5395073874999999 0.1355094265625 0.53175108125 0.11914430312499999 0.530988940625