11 0.9444693609374999 1 0.9471714453125 0.9536069984375001 0.9215294234375 0.9469291171875 0.9128661687499999 0.9347750796875 0.9174748812500001 0.927156040625 0.9238874218750001 0.9243212328125001 0.943480925 0.927583921875 0.9468692046875 0.9230415187500001 0.9445811265625 0.8908168062499999 0.92399470625 0.8867245015625 0.9149219265624999 0.8816017140625 0.9105862296874999 0.884533253125 0.899345603125 0.8808762359375001 0.8765003281249999 0.8798121999999999 0.8716267390624999 0.8741016234375 0.85284414375 0.8747935484375 0.8297339921875 0.860399896875 0.781292196875 0.8518767296875 0.765132478125 0.8432903859374999 0.7645035796874999 0.8362107703125 0.75353596875 0.827866253125 0.72035198125 0.8255373140625 0.710331784375 0.8188036609375 0.7019789109375 0.8191979890625 0.6943085734375 0.8078735671875 0.6837878500000001 0.8097336640625 0.6808545968749999 0.8064635687499999 0.659138746875 0.8038853984375001 0.6409931890625 0.7936398234375 0.645155015625 0.7758161703125 0.6515675562500001 0.7729813609375 0.651886075 0.7675126109375 0.6428587968749999 0.7616085734375 0.6206879234375 0.7668429031249999 0.532467590625 0.76195060625 0.518293709375 0.7550234921875 0.5036192984375 0.756690128125 0.4934625953125 0.7523002265625001 0.48768709218749995 0.744197534375 0.4378883578125 0.7410947515624999 0.42109160156250003 0.7434459078125 0.41170844375 0.7257747546875 0.3889996765625 0.7223669687500001 0.348993625 0.7299040890625 0.2973000578125 0.7235795765625 0.2794648796875 0.725882365625 0.248668115625 0.7361985234375 0.2217146546875 0.7341597765625 0.21467321718750002 0.7299149703125 0.2041979953125 0.7309938171875 0.1992334015625 0.726845740625 0.1855974125 0.7285607421875 0.179503390625 0.7259268015625 0.132857284375 0.7402049796875 0.120396225 0.7396245968749999 0.10725262656250001 0.7507629625 0.0988461109375 0.76995565625 0.08304227343750001 0.773136428125 0.07496241406250001 0.7688432546875 0.071582271875 0.7553685437500001 0.0644498296875 0.7526862375000001 0 0.7703183 0 1 0.9444693609374999 1
4 0.7625713843749999 0.815753175 0.7756987046875 0.8406490390625001 0.7910475156250001 0.8452807671875 0.8081627906250001 0.8374608609375 0.8097927468749999 0.8273529765625 0.8253317062500001 0.810842590625 0.866285175 0.8049163359374999 0.9561354640624999 0.7997007484374999 0.96400741875 0.6645444984375 0.9609376578125 0.663618153125 0.8672977015625 0.6623902796875 0.7971774234375 0.66852480625 0.7612795546875 0.6770366375 0.7493108859375 0.6858796203125 0.7249558859375 0.7286139484375 0.7082874984374999 0.7466384703125 0.7089911234375 0.788189815625 0.7189121734375 0.814503084375 0.7311457203125 0.8189897171875 0.7408100328125 0.8139562546875 0.7625713843749999 0.815753175
4 0 0.7684921671875 0.0064265875 0.7656511484374999 0.0185772671875 0.753683165625 0.0341080890625 0.7551898953125 0.0398835921875 0.7632925859374999 0.0513062296875 0.7638246046875 0.0556874296875 0.760111815625 0.0645489734375 0.733106621875 0.0620870234375 0.6859897953125 0.0548717125 0.6668528734375 0.04683735625 0.6617784515625 0 0.65697115625 0 0.7684921671875
4 0.5712077078125 0.7582713703125 0.59182095 0.75296449375 0.612790075 0.75942473125 0.6202865375 0.7558570375 0.62354645 0.73564126875 0.6172330546875 0.7188964609374999 0.619280671875 0.6837402109374999 0.617704359375 0.67504973125 0.6075931578125 0.669878578125 0.5722413203125 0.669015409375 0.5491685328125 0.6718576234375 0.538941909375 0.7223003171875 0.53910764375 0.755209546875 0.542806303125 0.7632155078125 0.5546384640625 0.7567162765625 0.5712077078125 0.7582713703125
6 0.5262241140625 0.690373203125 0.5205314765625 0.6987251265625 0.5203331875 0.7378843578125001 0.5268740968750001 0.7507229140625 0.5368114265624999 0.7410019515624999 0.53895005 0.7042832015625 0.5334475624999999 0.691493009375 0.5262241140625 0.690373203125
6 0.513945065625 0.6866678203125 0.5110118109374999 0.6833977250000001 0.501666015625 0.6829624375 0.48752135937499996 0.711288303125 0.4867933171875 0.723788303125 0.49572145 0.74927195625 0.5166718921875 0.7471142609375 0.5209783640625 0.7089297421875 0.513945065625 0.6866678203125
4 0.4839429296875 0.7369728234374999 0.48395106875 0.7189557078125 0.4809804515625 0.6984497468749999 0.47434853749999994 0.687173690625 0.4327661703125 0.6860203296875 0.4223283109375 0.7043350421875 0.42041720156249995 0.7371475421875 0.4338711796875 0.738557540625 0.4486820984375 0.7345471546875 0.4775758921875 0.73902638125 0.4839429296875 0.7369728234374999
4 0.372976465625 0.711436875 0.3630017734375 0.703921971875 0.3244518046875 0.6864590921875 0.29574002187500004 0.6788548640625 0.2904569078125 0.6801755390625 0.28547603593750004 0.7120616921875 0.2882272796875 0.7184567890625 0.35965085625 0.7257002421875 0.372430434375 0.720811875 0.372976465625 0.711436875
6 0.10713239687500001 0.7170724828124999 0.118517671875 0.7003686359375 0.11600207968750001 0.6720501750000001 0.1015633203125 0.6517934453125 0.089056759375 0.6519943125000001 0.0647927640625 0.6931661421875 0.0758269640625 0.7539995046875 0.0813749546875 0.766008446875 0.08643055468750001 0.7685940234374999 0.09595835781249999 0.7659043109375 0.1068967453125 0.7389958484375 0.10713239687500001 0.7170724828124999
6 0.24693420625 0.676581696875 0.23573094218750001 0.6901605453124999 0.2318876359375 0.7025154484375 0.23557815781250002 0.728538525 0.23011303437500003 0.7329841984375001 0.24546184375000002 0.737615928125 0.255134296875 0.71456535 0.2555974609375 0.688735734375 0.24693420625 0.676581696875
4 0.40168825 0.7190411015625 0.415142228125 0.7204511 0.418394 0.718252446875 0.42400377031250003 0.6934459078125 0.41262663593750004 0.6921326390625 0.40621409531249997 0.6949674484374999 0.40168825 0.7190411015625