11 1 0.743072365625 0.98752774375 0.7430277828125 0.9107614046875 0.7317238859375 0.9076562578124999 0.7318688640625 0.908291915625 0.7396750171875001 0.9033709328124999 0.743039109375 0.8785933187499999 0.7449795484374999 0.865918465625 0.7424369984375 0.85474161875 0.7327722578125 0.7828146984375 0.7298618265625 0.756493509375 0.72560566875 0.7431014359375 0.7270145218749999 0.731398065625 0.72364303125 0.6639927375 0.7252229890625 0.6419388765625 0.7223347578125 0.62654026875 0.724620878125 0.606238678125 0.71773291875 0.5044224625 0.717785171875 0.4994379140625 0.720368646875 0.37939020625 0.7134362890625 0.36333794531249997 0.7204544265624999 0.3487201265625 0.719569759375 0.34005833750000003 0.715272675 0.328799928125 0.717365490625 0.330025675 0.7196590125 0.321091625 0.7247776375 0.3241787765625 0.7371708328125 0.2760675640625 0.7715440328125001 0.26307488125 0.76509840625 0.24507965468749998 0.7737744281250001 0.2282010390625 0.7706445671875 0.20788145 0.7762947796875 0.19093926875 0.7723843031250001 0.17424235 0.7778653734375001 0.14267335 0.7793393156249999 0.13620879218749998 0.776506809375 0.10851672812499999 0.780934071875 0.10055416406249999 0.7852237578125 0.0786274328125 0.78389675625 0.029435603124999998 0.8049994968749999 0.04531455625 1 0.7702733703125 1 1 0.98927416875 1 0.743072365625
4 0.6284736609375 0.6845678656249999 0.6117221765624999 0.682999234375 0.6108778265625 0.68538940625 0.6142192390625001 0.7009050609374999 0.6282289734375001 0.7198405328125 0.6375444140625001 0.7194056 0.6566382578125001 0.7114618687500001 0.663674909375 0.7213199109375 0.69362776875 0.71913784375 0.7136659078124999 0.7142843562500001 0.73095310625 0.718178725 0.74007785 0.7154019453125 0.7459883125 0.6986707390625 0.744589865625 0.6814972015625 0.73710825625 0.6661748515625 0.7247056625 0.654216590625 0.7109321953125 0.6509417515625 0.6818236859375 0.6507336484375 0.6552302359375 0.6558932015625001 0.6447801859375 0.6806721890625 0.6284736609375 0.6845678656249999
4 0.49313648125 0.6940210296875 0.49899295468749993 0.7149043390625 0.567496896875 0.714056671875 0.5644277421874999 0.68912530625 0.545306328125 0.6712120781250001 0.4923281234375 0.6713348578125 0.4855913046875 0.6779180625000001 0.4839026015625 0.68269840625 0.49313648125 0.6940210296875
4 0.47045653749999994 0.721721775 0.47324385625 0.7176737203125 0.48610940625000004 0.7225581156249999 0.493291184375 0.7214392187499999 0.4951070203125 0.7182201046875 0.49210143281249996 0.6940693546875 0.469493475 0.6716174140625 0.418648934375 0.67242415625 0.4035501609375 0.691151525 0.40712783906250005 0.7223278125 0.43008961875 0.7236064875 0.4388965359375 0.71692663125 0.465281290625 0.7219634046875 0.47045653749999994 0.721721775
4 0.3735793015625 0.705871765625 0.387098509375 0.7060241421875 0.38616301875 0.6817767406249999 0.3780913203125 0.671967021875 0.3354000390625 0.670825925 0.3213543109375 0.6769667984375001 0.31668759375 0.68345335 0.3209824921875 0.7106782359375 0.344534359375 0.7064442765625001 0.3435353046875 0.6814162593749999 0.3595239984375 0.6736175046875 0.372117290625 0.6879176124999999 0.3735793015625 0.705871765625
6 0.40595608437499997 0.682419778125 0.4029325 0.6708071999999999 0.39122913125 0.6674357093750001 0.387261634375 0.6825090296874999 0.3882606890625 0.707537046875 0.3947888125 0.7111501687499999 0.40243354687500005 0.70295740625 0.40595608437499997 0.682419778125
7 0.3713820734375 0.7044071859375001 0.3697293625 0.6841111875 0.3563552875 0.67298186875 0.3455418375 0.6805389921875 0.34789377187500004 0.7094217609375 0.35571120624999997 0.7161090171875 0.367096746875 0.7155774312500001 0.3713820734375 0.7044071859375001
7 0.24780340625 0.7689457578125001 0.254730921875 0.7647044000000001 0.28092498125 0.7673993265625 0.3105780078125 0.748776009375 0.321055634375 0.74985398125 0.2987103625 0.6795912000000001 0.29013013593750003 0.663536559375 0.280179034375 0.6561653390625 0.25159705 0.6496639875 0.2422816078125 0.650098921875 0.23748775625000001 0.6550242421875 0.24226361093749998 0.6626370921875 0.2439078984375 0.7338663921874999 0.23945944843750003 0.7685517515625 0.24780340625 0.7689457578125001
4 0.2351369765625 0.71546990625 0.23458288125 0.695906196875 0.231813559375 0.6874160812500001 0.21894800781249998 0.682531684375 0.2168419171875 0.7077046796875 0.21961123749999997 0.716194796875 0.2270472796875 0.7181983609375 0.2351369765625 0.71546990625
6 0.219011575 0.6833123 0.20834325312500002 0.6798924828125 0.1927539515625 0.6798367578125 0.175603075 0.6861226046875 0.1682941640625 0.685680271875 0.166669025 0.69124123125 0.1584522 0.6924084546875 0.1537219125 0.6981143921874999 0.1577169828125 0.7088980281249999 0.156582371875 0.7332420843749999 0.16471763749999999 0.7438324171875 0.1641911140625 0.7501256640625 0.1551299359375 0.7536830609375 0.151625396875 0.76168251875 0.1692032359375 0.7733991484375 0.1805887765625 0.7728675625 0.1908937 0.759065515625 0.208535103125 0.7715627609375 0.21888559531250001 0.7710795015625 0.2242695359375 0.7606415453125 0.211358415625 0.7424383625 0.20936988125 0.7307774578124999 0.21741400937500002 0.7147302171875001 0.21504407812499998 0.6983856203125 0.22139950156250002 0.687118725 0.219011575 0.6833123
6 0.7477585796875 0.6821328390625 0.7479948453125 0.6977934718750001 0.753742184375 0.70457738125 0.7648734625 0.7009233328125 0.7705476578125 0.668531496875 0.7590349859375001 0.6675018515625 0.7477585796875 0.6821328390625
6 0.7968964203125 0.6986446125 0.8003829625 0.7031833265625 0.804523159375 0.7029900234375 0.8111964125 0.695626203125 0.8067563828125 0.679378259375 0.79479875 0.6728843078125 0.7873447125 0.6834189125 0.78893385625 0.702934296875 0.7968964203125 0.6986446125
6 0.899884390625 0.73850039375 0.9004744796875 0.7329877609375 0.8941454734375001 0.680783184375 0.8993387171875 0.6680033828124999 0.9103428640625 0.6627881062500001 0.911060084375 0.6588367015625 0.8802988656249999 0.6383326 0.8658717421875 0.639789778125 0.8580998765625001 0.646421309375 0.8605789406250001 0.6768653078125 0.8750792031250001 0.714583875 0.8780847921875001 0.738734625 0.8958713250000001 0.7402549296875 0.899884390625 0.73850039375
2 1 0.67254675 0.9773488015625 0.6690626281250001 0.9696584953125 0.6639366015625 0.92832009375 0.66665025625 0.9157543765625 0.678207109375 0.9033337859374999 0.6787870203125 0.8986034999999999 0.6844929578125 0.9010369953125 0.7016181687499999 0.9076922515625 0.7067925203125001 0.9375179812500001 0.703049221875 0.9442547984375 0.6964660171875 0.9620869015625001 0.7113051078125 1 0.7062504406250001 1 0.67254675