11 0 0.91953125 0.10694444375 0.93046875 0.1541666671875 0.93828125 0.1770833328125 0.93828125 0.1916666671875 0.946875 0.19305555624999998 0.95390625 0.2 0.95546875 0.4611111109375 0.9765625 0.8111111109375001 0.9734375 0.9930555562500001 0.975 0.9986111109375001 0.97265625 0.9986111109375001 0.68515625 0.9791666671874999 0.675 0.972222221875 0.6671875 0.9444444437499999 0.65859375 0.8680555562500001 0.6203125 0.8138888890624999 0.59765625 0.7388888890625 0.55546875 0.6791666671875001 0.52890625 0.6555555562500001 0.521875 0.6513888890625 0.51328125 0.6263888890625 0.51015625 0.60555555625 0.4953125 0.5875 0.48984375 0.5791666671875 0.48125 0.5375 0.46875 0.4875 0.4453125 0.45416666718750004 0.43984375 0.45416666718750004 0.43515625 0.365277778125 0.41328125 0.24305555625 0.3953125 0.15 0.38828125 0.0388888890625 0.38828125 0.0375 0.4109375 0.029166667187500002 0.41484375 0 0.41484375 0 0.91953125
11 0.9444444437499999 0.4 0.9138888890624999 0.396875 0.91944444375 0.4078125 0.91805555625 0.42421875 0.9013888890624999 0.4328125 0.8361111109375001 0.43125 0.8333333328125001 0.43359375 0.8222222218749999 0.43125 0.8138888890624999 0.43359375 0.809722221875 0.43125 0.7986111109375 0.4328125 0.79444444375 0.4296875 0.7791666671875 0.4390625 0.7763888890625 0.45078125 0.7861111109375 0.45546875 0.8986111109375001 0.47421875 0.9388888890624999 0.47421875 0.9444444437499999 0.4515625 0.9444444437499999 0.4
11 0.9263888890624999 0.40703125 0.9236111109375 0.421875 0.915277778125 0.42734375 0.89444444375 0.43125 0.809722221875 0.4328125 0.79444444375 0.4296875 0.7819444437499999 0.43125 0.7791666671875 0.4359375 0.7736111109375 0.44921875 0.777777778125 0.4546875 0.9236111109375 0.478125 0.9444444437499999 0.4734375 0.9416666671874999 0.40625 0.9263888890624999 0.40703125
11 0.6513888890625 0.4140625 0.7513888890625 0.41640625 0.747222221875 0.38984375 0.6888888890625 0.38515625 0.6486111109375 0.38671875 0.6513888890625 0.4140625
4 0.8888888890625 0.425 0.8986111109375001 0.42890625 0.9111111109375001 0.4296875 0.915277778125 0.4265625 0.9166666671874999 0.41171875 0.9125 0.4046875 0.9 0.39609375 0.8819444437499999 0.3875 0.872222221875 0.38515625 0.8486111109375001 0.38359375 0.8055555562500001 0.38515625 0.7819444437499999 0.396875 0.7763888890625 0.40625 0.775 0.4234375 0.7791666671875 0.428125 0.809722221875 0.42734375 0.8166666671874999 0.43046875 0.8513888890624999 0.42578125 0.8888888890625 0.425
4 0.48194444374999995 0.4015625 0.4981481484375 0.40078125 0.5125 0.4015625 0.515277778125 0.4 0.515277778125 0.3890625 0.5138888890625 0.38671875 0.5097222218749999 0.3828125 0.5 0.37734375 0.4791666671875 0.37578125 0.46388888906250003 0.3765625 0.45416666718750004 0.3828125 0.45277777812500003 0.39609375 0.45416666718750004 0.396875 0.45416666718750004 0.39921875 0.45694444375 0.40078125 0.47361111093749997 0.40390625 0.48194444374999995 0.4015625
4 0.30555555624999997 0.38203125 0.3111111109375 0.38125 0.3125 0.38046875 0.33055555625 0.38046875 0.32777777812500003 0.3765625 0.3236111109375 0.37421875 0.322222221875 0.371875 0.31805555625 0.371875 0.3166666671875 0.37109375 0.29444444375 0.37109375 0.2916666671875 0.371875 0.28611111093749997 0.37578125 0.2833333328125 0.37890625 0.2833333328125 0.38828125 0.290277778125 0.38828125 0.290277778125 0.3875 0.3013888890625 0.384375 0.30555555624999997 0.38203125
4 0.24722222187499998 0.3859375 0.2486111109375 0.38515625 0.2486111109375 0.3796875 0.24583333281250003 0.37578125 0.24305555625 0.37421875 0.23472222187499997 0.371875 0.2208333328125 0.371875 0.21805555625 0.3734375 0.21805555625 0.37578125 0.2166666671875 0.3765625 0.2166666671875 0.384375 0.21944444375 0.3859375 0.225 0.38671875 0.24722222187499998 0.3859375
4 0.127777778125 0.3828125 0.1291666671875 0.38203125 0.13055555624999998 0.38046875 0.13055555624999998 0.37734375 0.1291666671875 0.37578125 0.12361111093749999 0.37265625 0.12361111093749999 0.371875 0.12222222187500001 0.371875 0.1166666671875 0.36953125 0.0986111109375 0.36953125 0.097222221875 0.37421875 0.0986111109375 0.375 0.0986111109375 0.38046875 0.10138888906250001 0.38203125 0.12361111093749999 0.3828125 0.127777778125 0.3828125
4 0 0.409375 0.029166667187500002 0.4109375 0.03194444375 0.41015625 0.0333333328125 0.40859375 0.0333333328125 0.39609375 0.030555556249999997 0.38984375 0.0236111109375 0.3859375 0.0208333328125 0.38203125 0.0111111109375 0.38125 0.0041666671875 0.37890625 0 0.37890625 0 0.409375
11 0.9833333328125 0.40390625 0.9763888890624999 0.40078125 0.9666666671874999 0.4015625 0.9680555562500001 0.48203125 0.977777778125 0.4890625 0.9986111109375001 0.490625 0.9986111109375001 0.4296875 0.9833333328125 0.40390625
11 0.9736111109375001 0.40703125 0.9680555562500001 0.41171875 0.9666666671874999 0.48203125 0.977777778125 0.48984375 0.9986111109375001 0.490625 0.9986111109375001 0.42734375 0.98194444375 0.4078125 0.9736111109375001 0.40703125
11 0.5291666671875 0.384375 0.51805555625 0.384375 0.5208333328125 0.39609375 0.5013888890625 0.40625 0.522222221875 0.409375 0.5291666671875 0.40546875 0.5305555562500001 0.39140625 0.5291666671875 0.384375
11 0.6347222218749999 0.384375 0.5708333328124999 0.384375 0.5694444437499999 0.41171875 0.5861111109375 0.42265625 0.60694444375 0.42421875 0.6138888890625 0.4171875 0.6375 0.41171875 0.6347222218749999 0.384375