4 0.103842159375 0.68515625 0.10695742500000001 0.65703125 0.1017653171875 0.65625 0.0872274140625 0.6640625 0.0726895125 0.68125 0.06334371718750001 0.709375 0.068535825 0.73203125 0.0758047765625 0.7328125 0.08618899218750001 0.73125 0.092419521875 0.72578125 0.103842159375 0.68515625
4 0.2533748703125 0.75625 0.29075804843749997 0.740625 0.29595015625 0.73046875 0.29595015625 0.71015625 0.27933541093750003 0.68359375 0.25752855625 0.66640625 0.1962616828125 0.65546875 0.16303219062500002 0.65390625 0.1578400828125 0.6609375 0.1484942890625 0.72109375 0.1495327109375 0.74296875 0.18587746562500002 0.74453125 0.1941848390625 0.746875 0.2056074765625 0.7578125 0.224299065625 0.7609375 0.2533748703125 0.75625
11 0.5534787125 0.928125 0.9989615781250001 0.91640625 0.9989615781250001 0.771875 0.989615784375 0.7671875 0.930425753125 0.7625 0.8660436140625001 0.7515625 0.8307372796875001 0.74765625 0.8130841125 0.75 0.8047767390624999 0.746875 0.8016614750000001 0.74140625 0.743509865625 0.73671875 0.71547248125 0.72734375 0.563862928125 0.7203125 0.4859813078125 0.7296875 0.47663551406250004 0.73359375 0.4465212875 0.72890625 0.438213915625 0.7328125 0.399792315625 0.734375 0.3914849421875 0.73828125 0.306334371875 0.73203125 0.0394600203125 0.8125 0.021806853125 0.8125 0.010384215625 0.81875 0.00207684375 0.81875 0 0.94296875 0.02492211875 0.959375 0.0737279328125 0.95390625 0.14745586718749998 0.95234375 0.3208722734375 0.93984375 0.5534787125 0.928125
7 0.598130840625 0.696875 0.590861890625 0.696875 0.5877466250000001 0.70078125 0.5898234687499999 0.71328125 0.5950155765625 0.71953125 0.602284528125 0.71328125 0.60124610625 0.7 0.598130840625 0.696875
4 0.6458982343749999 0.7 0.62409138125 0.7 0.6105919 0.70859375 0.61266874375 0.7203125 0.6365524406249999 0.7203125 0.6407061265625 0.71796875 0.6407061265625 0.7046875 0.6458982343749999 0.703125 0.6458982343749999 0.7
4 0.680166146875 0.6984375 0.6677050875 0.70078125 0.6635514015624999 0.7046875 0.6625129796875 0.7203125 0.6687435093749999 0.72265625 0.7092419515625 0.721875 0.7092419515625 0.709375 0.7019730015625 0.70078125 0.680166146875 0.6984375
7 0.844236759375 0.72890625 0.8525441328125 0.71640625 0.8525441328125 0.70625 0.8411214953125 0.68828125 0.83385254375 0.68828125 0.8255451718750001 0.703125 0.812045690625 0.74375 0.8172377984375 0.746875 0.8276220140625 0.7421875 0.846313603125 0.74453125 0.848390446875 0.73984375 0.844236759375 0.72890625
7 0.4776739359375 0.68828125 0.46936656250000003 0.68984375 0.4652128765625 0.7 0.4652128765625 0.721875 0.470404984375 0.72890625 0.4755970921875 0.72890625 0.48182762187500006 0.72109375 0.48390446562499995 0.709375 0.4776739359375 0.68828125
7 0.5015576328125 0.69375 0.4901349953125 0.69609375 0.49117341718749996 0.7234375 0.495327103125 0.728125 0.5025960546875 0.728125 0.5077881625 0.72265625 0.506749740625 0.70078125 0.5015576328125 0.69375
7 0.7237798546875001 0.71484375 0.7248182765625 0.7234375 0.7445482859375 0.72578125 0.7476635515625001 0.7203125 0.741433021875 0.70078125 0.73104880625 0.6984375 0.7237798546875001 0.71484375
6 0.44236760156250005 0.703125 0.434060228125 0.69140625 0.4195223265625 0.69296875 0.409138109375 0.70078125 0.40809968906250005 0.709375 0.41536863906250004 0.72890625 0.42159916875 0.72578125 0.4309449640625 0.7265625 0.43925233593749996 0.721875 0.44236760156250005 0.703125
2 0.3447559703125 0.709375 0.3447559703125 0.73046875 0.3592938734375 0.73203125 0.365524403125 0.7265625 0.36137071718749997 0.70859375 0.352024921875 0.70625 0.3447559703125 0.709375
6 0.3800623046875 0.6921875 0.3800623046875 0.72890625 0.3831775703125 0.73359375 0.3935617859375 0.73359375 0.399792315625 0.69609375 0.3925233640625 0.6828125 0.3800623046875 0.6921875
7 0.520249221875 0.6984375 0.5181723781249999 0.7171875 0.520249221875 0.721875 0.5254413296875 0.72265625 0.5306334374999999 0.70546875 0.5254413296875 0.6953125 0.520249221875 0.6984375
6 0.6407061265625 0.70625 0.6407061265625 0.7203125 0.657320871875 0.7203125 0.6604361375 0.696875 0.6531671859375 0.68828125 0.647975078125 0.68984375 0.6407061265625 0.70625
2 0.8608515062500001 0.71640625 0.8670820359375 0.7328125 0.88369678125 0.73671875 0.88369678125 0.71640625 0.8650051921875 0.71484375 0.8608515062500001 0.71640625