11 0 0.9997968374999999 0.4514210546875 0.9971705453125 0.965705615625 0.9762448312500001 0.973237403125 0.760562665625 0.96544248125 0.7522189015625 0.9604705093750001 0.7360282812500001 0.916965746875 0.7370178296875001 0.8809189421875001 0.7236528453125 0.7926664234375 0.7280243640624999 0.69074098125 0.7282685296875 0.624862340625 0.7325102953125 0.6198903671875 0.730370753125 0.607460434375 0.7324377453124999 0.604974446875 0.72785520625 0.595030503125 0.7313822765625 0.5888155359375 0.7277320796875 0.5838435625 0.7310568453124999 0.5714136296875 0.7292207609375 0.565198665625 0.7349379500000001 0.53909580625 0.736000046875 0.5316378484375 0.74645150625 0.5353668265625 0.7509834703125 0.5229368937500001 0.755392309375 0.5216939015625 0.7616878078125 0.505534990625 0.7693708375 0.48316111250000005 0.77340366875 0.47943213125 0.7712135515625 0.4682451921875 0.7740105828125 0.45208628125 0.7731068421875 0.4371703625 0.7604432921875001 0.43592736875 0.6996058625 0.4247404296875 0.689913046875 0.4160394796875 0.6894864640625 0.41106750468750003 0.67329584375 0.4123104984375 0.5733264890624999 0.4259834234375 0.539984303125 0.39242260625 0.538227396875 0.3700487265625 0.532112228125 0.311628046875 0.536831153125 0.2904971625 0.5236398671875 0.2855251890625 0.5144747859375001 0.285525190625 0.4754440125 0.296712128125 0.4476672875 0.2880111765625 0.44646009062500003 0.280553215625 0.4405186234375 0.28925416875 0.4284553578125 0.3041700875 0.42550659843750005 0.3166000203125 0.42734268281250004 0.32405797812500003 0.420794303125 0.3240579796875 0.41298814687499996 0.283039203125 0.4107540828125 0.27433825 0.4009601140625 0.2693662765625 0.40038180468749995 0.269366278125 0.42380026718749997 0.2631513125 0.4310786875 0.233319475 0.4322925140625 0.2258615140625 0.44196335624999994 0.20224464375 0.45541415 0.1985156640625 0.44932095624999996 0.1848427375 0.4420711375 0.17489879375 0.4018837421875 0.16619783906250002 0.38896731406249996 0.07545933437499999 0.3895369078125 0.0344405578125 0.3990120765625 0.029468585937500003 0.40311745625000006 0.0282255921875 0.42034157343749995 0.0157956609375 0.4309953359375 0 0.4337637328125 0 0.9997968374999999
4 0.4533292734375 0.5295042421875 0.42474043124999994 0.5548665734375 0.4160394796875 0.5747359921874999 0.416039478125 0.6715323093750001 0.4210114515625 0.680697390625 0.42971240312500003 0.68346581875 0.43841335625 0.694040403125 0.44089934375000006 0.7524854109375 0.448357303125 0.765452415625 0.4719741734375 0.7660527 0.5005630156249999 0.76020575625 0.5204509078124999 0.7328556125000001 0.53909580625 0.7235102015625 0.5602266921875 0.7226504078125 0.737974721875 0.724004790625 0.8846479234375 0.7195980375000001 0.9008068343750001 0.722063009375 0.905778809375 0.7288862453125 0.915722753125 0.7308234828125 0.9467975828125 0.7287784640625 0.9629564953124999 0.7312434359375 0.970414453125 0.75123598125 0.9735220796874999 0.7524106203125001 0.9816013937499999 0.5210493109375001 0.9816013937499999 0.4884940015625 0.94928356875 0.45858436406249997 0.9331246578125001 0.4498744671875 0.8945918687500001 0.44285555624999995 0.828713228125 0.43851055156249996 0.6273483265625 0.4412395765625 0.53909580625 0.44795294375 0.517964921875 0.455838278125 0.489376078125 0.4749556828125 0.4533292734375 0.5295042421875
2 0.65536348125 0.43901881718749997 0.670661859375 0.4257863984375 0.670661859375 0.4113750359375 0.643889696875 0.413064840625 0.6458019953125 0.43460407500000003 0.65536348125 0.43901881718749997
2 0.2258615140625 0.399810121875 0.21094559531249998 0.3848047265625 0.20348763593750002 0.3858887984375 0.1873287234375 0.39591367499999996 0.187328725 0.434944446875 0.20597362187499998 0.4490174984375 0.224618521875 0.43264654687500004 0.2258615140625 0.399810121875
2 0.21553511093750002 0.4142813703125 0.1964121359375 0.4150594640625 0.198324434375 0.42999349374999996 0.20023673125000002 0.4497313046875 0.216491259375 0.438861878125 0.22318429687500002 0.4259796015625 0.21553511093750002 0.4142813703125
2 0 0.413787378125 0.0023139640625 0.430162803125 0.017612343750000002 0.4205332265625 0.025261532812499998 0.40881299374999996 0 0.40984086093750005 0 0.413787378125
4 0.5390958078125 0.4456110984375 0.5353668265625 0.43405359375 0.49683403750000005 0.4028356046875 0.47818913749999997 0.39734932343749996 0.43717036093750006 0.3935540265625 0.43468437499999996 0.3959970265625 0.4060955328125 0.3955990453125 0.3501608375 0.41036481875 0.33524491875 0.4172166546875 0.3240579796875 0.42860045781249995 0.295469134375 0.4352280171875 0.2904971625 0.44011401406250006 0.3041700875 0.4411189078125 0.3091420609375 0.4463809109375 0.2942261421875 0.4633807484375 0.28925416875 0.493246440625 0.29174015625 0.515002521875 0.30789906718750004 0.5307379562500001 0.326543965625 0.5323211609375 0.33897389843750003 0.522448015625 0.3551328109375 0.521790525 0.3849646484375 0.525260390625 0.39242260625 0.5335437046875 0.4371703625 0.5371872718749999 0.4496002953125 0.5273141234375001 0.45084328749999997 0.5155543171875 0.4595442390625 0.51129720625 0.48440410624999997 0.4751579875 0.5229368937500001 0.4509522796875 0.5390958078125 0.4456110984375
4 0.5303948546874999 0.42801097343750005 0.5303948546874999 0.40459251093750004 0.519207915625 0.3909966171875 0.4757031515625 0.3904249359375 0.47446015937499997 0.394378590625 0.4881330859375 0.3969447140625 0.505534990625 0.40638464843750005 0.5303948546874999 0.42801097343750005
4 0.22710450781249997 0.391172775 0.2283475015625 0.4270305109375 0.2581793375 0.4281585296875 0.2631513125 0.40375714531250007 0.25693634374999996 0.38917833281249997 0.24699239999999997 0.385679865625 0.22710450781249997 0.391172775
4 0.3228149859375 0.4052325703125 0.34145988437499997 0.40837700468750004 0.3439458703125 0.3825155421875 0.340216890625 0.374861115625 0.329029953125 0.371413225 0.30789906875 0.3730536328125 0.2929831484375 0.394737165625 0.2942261421875 0.4087376671875 0.3228149859375 0.4052325703125
4 0.4297124015625 0.3774645578125 0.3961515875 0.3788301140625 0.3812356671875 0.38490133593750003 0.370048728125 0.3939432921875 0.3737777078125 0.4015977171875 0.386207640625 0.40031134062499996 0.39863757187500004 0.39356065625 0.43095539531249993 0.3953681390625 0.44462832187499995 0.39090872499999996 0.44089934218750004 0.381693065625 0.4297124015625 0.3774645578125
4 0.26066532656249997 0.3749755265625 0.26066532656249997 0.3874653734375 0.2656372984375 0.391166146875 0.2867681828125 0.38796450625 0.2830392046875 0.3701620796875 0.2643943046875 0.370920721875 0.26066532656249997 0.3749755265625
16 0.3203289984375 0.3686447953125 0.314114034375 0.36187213749999997 0.29298315 0.361951315625 0.2867681828125 0.3653266578125 0.2867681828125 0.38718389062499997 0.2929831484375 0.388492240625 0.3016841015625 0.378770821875 0.3203289984375 0.3686447953125
4 0.135123009375 0.3707163296875 0.135123009375 0.3839867921875 0.1637118546875 0.3836041578125 0.163711853125 0.3664306171875 0.15749688906249998 0.3612191890625 0.1438239609375 0.3609949125 0.135123009375 0.3707163296875
4 0.12269307656249999 0.3844925546875 0.1164781125 0.36991374062500004 0.1015621921875 0.36974003906249997 0.0928612390625 0.3779002265625 0.091618246875 0.3834151109375 0.0978332125 0.38706530781250004 0.1177211046875 0.3870367046875 0.12269307656249999 0.3844925546875
4 0.2532073640625 0.379182059375 0.24574940625 0.3685569015625 0.2283475015625 0.3700455828125 0.2196465484375 0.37586392343749997 0.21840355625000002 0.3805981921875 0.22959049375 0.38326547031249997 0.24574940625 0.38338859531249997 0.2532073640625 0.379182059375
2 0.1786277734375 0.3744104734375 0.17489879375 0.3839295875 0.1848427375 0.3952342109375 0.192300696875 0.38556336875 0.192300696875 0.37463475156250003 0.187328725 0.37249520937499997 0.1786277734375 0.3744104734375
4 0.4496002953125 0.378216571875 0.4483573015625 0.3891957640625 0.4732171671875 0.3850617796875 0.4769461453125 0.381787590625 0.47321716562500005 0.37413316406249997 0.459544240625 0.3731282703125 0.4496002953125 0.378216571875
12 0.413553490625 0.3500198921875 0.39739458125 0.35067738125000003 0.387450634375 0.3557656828125 0.3899366203125 0.36581253125 0.413553490625 0.3648515859375 0.413553490625 0.3500198921875
12 0.6223763531250001 0.240823709375 0.6186473734375 0.233949896875 0.5303948546874999 0.2320764953125 0.5229368937500001 0.2495534921875 0.5229368937500001 0.2745331859375 0.5888155359375 0.27653634375 0.6174043796875 0.274592478125 0.6223763531250001 0.240823709375
11 0.9293956796874999 0.443781271875 0.9816013953124999 0.480687846875 0.9816013937499999 0.4479019984375 0.9293956796874999 0.443781271875
11 0.7765075125 0.426583671875 0.7031709125 0.4194196625 0.683283021875 0.41398395781249997 0.673339075 0.42063348906250003 0.6658811171875 0.4381104859375 0.66090914375 0.44065463749999995 0.80633935 0.4347372296875 0.7765075125 0.426583671875
11 0.6310773046875 0.43952661875 0.6310773046875 0.420791846875 0.621133359375 0.4079259921875 0.5303948546874999 0.3897608171875 0.5328808406250001 0.43103228437499996 0.5403388 0.4354125203125 0.5428247859375 0.4438981375 0.6310773046875 0.43952661875