2 0.243421053125 0.6875 0.2580409359375 0.6858552625 0.26023391875 0.6784539484375001 0.2609649125 0.6681743421874999 0.255116959375 0.6628289484375001 0.23976608124999998 0.6628289484375001 0.22807017499999999 0.6657072375 0.22953216406250002 0.67434210625 0.22660818749999997 0.6817434203125 0.2339181296875 0.687088815625 0.2375731 0.6940789484375001 0.24415204687499997 0.69449013125 0.243421053125 0.6875
2 0.336257309375 0.6521381578125001 0.33771929843750004 0.66159539375 0.34283625624999997 0.668996709375 0.3516081875 0.6661184203125 0.35891812968750003 0.6595394734375 0.358187134375 0.65090460625 0.336257309375 0.6521381578125001
2 0.198099415625 0.65625 0.19883040937500002 0.6640625 0.20540935624999998 0.67105263125 0.21198830468750002 0.6677631578125001 0.2207602328125 0.66159539375 0.2192982453125 0.6546052625 0.198099415625 0.65625
4 0.013888889062500001 0.6890625 0.0166666671875 0.68359375 0.034722221875 0.6765625 0.03194444375 0.67265625 0.019444443750000002 0.6703125 0.009722221875000001 0.6734375 0.0013888890625 0.66640625 0 0.75546875 0.0111111109375 0.75546875 0.0166666671875 0.74921875 0.019444443750000002 0.71796875 0.019444443750000002 0.6984375 0.013888889062500001 0.6890625
4 0.11944444375 0.709375 0.13333333281249998 0.7109375 0.140277778125 0.71484375 0.16388888906250001 0.7140625 0.172222221875 0.7171875 0.190277778125 0.71640625 0.19444444375 0.71328125 0.197222221875 0.6921875 0.190277778125 0.66953125 0.19305555624999998 0.6640625 0.18194444375000002 0.65390625 0.17916666718750002 0.63828125 0.1625 0.62109375 0.0861111109375 0.62109375 0.077777778125 0.62578125 0.06805555625000001 0.62578125 0.05 0.67890625 0.0486111109375 0.709375 0.054166667187499996 0.71640625 0.08333333281250001 0.7140625 0.09305555625 0.71015625 0.10694444375 0.7125 0.11944444375 0.709375
4 0.002777778125 0.6296875 0 0.6546875 0.029166667187500002 0.65859375 0.05694444375 0.653125 0.059722221875 0.64140625 0.047222221875 0.63203125 0.002777778125 0.6296875
4 0.63055555625 0.73203125 0.6388888890625 0.72578125 0.6555555562500001 0.7234375 0.7083333328125 0.7234375 0.7291666671875 0.725 0.7388888890625 0.73515625 0.747222221875 0.7359375 0.7597222218749999 0.72890625 0.7666666671875 0.73671875 0.7819444437499999 0.73828125 0.7875 0.7359375 0.79444444375 0.70859375 0.7888888890625 0.67890625 0.76805555625 0.65859375 0.747222221875 0.6484375 0.7138888890625 0.64375 0.6347222218749999 0.6453125 0.5944444437499999 0.678125 0.584722221875 0.6890625 0.590277778125 0.72890625 0.60694444375 0.72890625 0.6111111109375 0.7328125 0.61944444375 0.73359375 0.63055555625 0.73203125
4 0.6291666671875 0.64609375 0.5958333328125 0.640625 0.5541666671875001 0.64296875 0.522222221875 0.6734375 0.5208333328125 0.7015625 0.540277778125 0.70546875 0.565972221875 0.69765625 0.58194444375 0.69921875 0.5875 0.68515625 0.6291666671875 0.64609375
4 0.42083333281249996 0.6828125 0.4375 0.6890625 0.4458333328125 0.68828125 0.44305555625000004 0.65859375 0.43333333281249997 0.64609375 0.4236111109375 0.64140625 0.3791666671875 0.64296875 0.3625 0.66328125 0.35972222187499997 0.6828125 0.3638888890625 0.6890625 0.372222221875 0.68828125 0.38055555625 0.6828125 0.40277777812500004 0.68203125 0.42083333281249996 0.6828125
4 0.47083333281249995 0.640625 0.46388888906250003 0.6375 0.44305555625000004 0.63671875 0.4263888890625 0.63828125 0.440277778125 0.65234375 0.447222221875 0.6671875 0.477777778125 0.66953125 0.48055555625 0.65703125 0.47083333281249995 0.640625
4 0.85 0.65 0.8458333328125001 0.6625 0.8444444437499999 0.678125 0.8513888890624999 0.68984375 0.9111111109375001 0.69453125 0.9166666671874999 0.6703125 0.9138888890624999 0.65 0.85 0.65
4 0.2625 0.63125 0.25694444375000003 0.634375 0.2666666671875 0.65703125 0.2916666671875 0.65625 0.29444444375 0.64296875 0.2875 0.634375 0.27777777812500004 0.63125 0.2625 0.63125
4 0.309722221875 0.6328125 0.302777778125 0.63828125 0.29722222187499997 0.64765625 0.30416666718749996 0.65703125 0.3291666671875 0.65703125 0.34027777812500004 0.6328125 0.322222221875 0.63046875 0.309722221875 0.6328125
4 0.35972222187499997 0.64609375 0.3583333328125 0.64765625 0.3583333328125 0.6515625 0.35972222187499997 0.65234375 0.35972222187499997 0.6578125 0.3625 0.6578125 0.3638888890625 0.6546875 0.36805555624999997 0.65234375 0.36805555624999997 0.65078125 0.3708333328125 0.64765625 0.38055555625 0.64140625 0.38055555625 0.6375 0.3763888890625 0.634375 0.3736111109375 0.63359375 0.36805555624999997 0.63359375 0.36666666718749996 0.6328125 0.3625 0.6328125 0.35694444375 0.63515625 0.35555555625 0.6390625 0.35694444375 0.63984375 0.35694444375 0.6421875 0.3583333328125 0.64296875 0.3583333328125 0.6453125 0.35972222187499997 0.64609375
4 0.40694444374999994 0.63984375 0.41805555625 0.63984375 0.42083333281249996 0.6390625 0.42083333281249996 0.6375 0.41805555625 0.63515625 0.41805555625 0.63359375 0.415277778125 0.63046875 0.4125 0.62890625 0.40972222187499996 0.628125 0.39027777812500003 0.628125 0.3875 0.6296875 0.3861111109375 0.63203125 0.38194444375000003 0.634375 0.38194444375000003 0.63828125 0.384722221875 0.640625 0.40555555625000006 0.640625 0.40694444374999994 0.63984375
4 0.1888888890625 0.64765625 0.19305555624999998 0.65 0.19305555624999998 0.64921875 0.197222221875 0.646875 0.20416666718749998 0.6359375 0.2125 0.63046875 0.2125 0.628125 0.21111111093749999 0.6265625 0.20972222187499998 0.6265625 0.20555555625 0.62421875 0.20416666718749998 0.621875 0.20138888906250002 0.621875 0.2 0.62109375 0.19583333281249998 0.62109375 0.19305555624999998 0.621875 0.19305555624999998 0.625 0.190277778125 0.6265625 0.184722221875 0.6265625 0.184722221875 0.628125 0.18194444375000002 0.63046875 0.1833333328125 0.63125 0.184722221875 0.6359375 0.1888888890625 0.640625 0.1888888890625 0.64765625
4 0.9875 0.78515625 0.9930555562500001 0.80234375 0.9986111109375001 0.803125 0.9986111109375001 0.671875 0.9930555562500001 0.67265625 0.972222221875 0.6921875 0.95555555625 0.7 0.9305555562500001 0.7484375 0.934722221875 0.790625 0.9444444437499999 0.79453125 0.9583333328125001 0.79453125 0.9666666671874999 0.784375 0.977777778125 0.78046875 0.9875 0.78515625
4 0.8 0.66953125 0.8013888890624999 0.6703125 0.8013888890624999 0.675 0.8027777781250001 0.67578125 0.8027777781250001 0.68125 0.8111111109375001 0.68125 0.8125 0.68046875 0.81805555625 0.68046875 0.8208333328125 0.6796875 0.8222222218749999 0.678125 0.8236111109375001 0.671875 0.8291666671875 0.66796875 0.8291666671875 0.665625 0.83055555625 0.66484375 0.83194444375 0.659375 0.8333333328125001 0.65859375 0.83194444375 0.65546875 0.8263888890625 0.653125 0.809722221875 0.65234375 0.80694444375 0.65390625 0.8083333328125001 0.6546875 0.809722221875 0.6578125 0.8041666671875 0.6609375 0.8027777781250001 0.6609375 0.8 0.6640625 0.8 0.66953125
4 0.9541666671875 0.6921875 0.95694444375 0.69296875 0.9666666671874999 0.68984375 0.9694444437499999 0.68984375 0.9708333328125001 0.6890625 0.9694444437499999 0.6875 0.9680555562500001 0.6875 0.9680555562500001 0.684375 0.9763888890624999 0.68203125 0.98194444375 0.678125 0.9861111109375 0.67734375 0.9916666671875 0.66953125 0.9916666671875 0.6640625 0.99444444375 0.6609375 0.9930555562500001 0.659375 0.9888888890624999 0.65859375 0.98194444375 0.65859375 0.98055555625 0.659375 0.972222221875 0.65859375 0.9625 0.66171875 0.9541666671875 0.66171875 0.9513888890625 0.66484375 0.9513888890625 0.675 0.9541666671875 0.678125 0.9513888890625 0.6796875 0.95 0.68203125 0.952777778125 0.6859375 0.9541666671875 0.6921875
4 0.7791666671875 0.64609375 0.7625 0.6421875 0.74444444375 0.64453125 0.765277778125 0.65390625 0.7791666671875 0.64609375