11 0 0.864505803125 0.109216178125 0.8639031312500001 0.210883346875 0.8718598953125 0.306910565625 0.8754263390625001 0.341785090625 0.8814109125 0.3793431625 0.8817888515625001 0.3921217359375 0.8967382390624999 0.5619710734375001 0.9065945046874999 0.7608912671875 0.9086828718750001 0.9685468359374999 0.9007007578125 0.9819806390625001 0.5160069843749999 0.9817743125 0.4965299109375 0.9760525015624999 0.4874585140625 0.806624034375 0.4221368265625 0.7243692703125 0.41082188124999997 0.689412884375 0.4001562328125 0.5331586390624999 0.3724091328125 0.47331361562499996 0.370073496875 0.3604483984375 0.3580171671875 0.22679489218749999 0.3501718875 0.20339127656249997 0.3638904671875 0.1880383 0.3607891484375 0.1309996078125 0.35986849374999996 0.10995210625 0.3492561359375 0.0891228921875 0.351126646875 0.0779248421875 0.3470270828125 0.06548734375000001 0.35158217812500003 0.0585124390625 0.3503852640625 0.0545075828125 0.35996548125 0.062912940625 0.3634302453125 0.0851453234375 0.36226722499999997 0.1033455609375 0.36912406249999996 0.113467875 0.3912404421875 0.09295244999999999 0.411055078125 0.08600483125 0.41141852187500005 0.059863096875 0.42762301718750007 0.0169379296875 0.4384583421875 0.01009945625 0.445063221875 0 0.44859430156249996 0 0.864505803125
4 0.136080196875 0.33227146093750004 0.1365167734375 0.35723720000000003 0.21020246718750002 0.35572522968750003 0.2112509140625 0.3361480578125 0.1984586953125 0.3204184921875 0.15398029062500002 0.3219643546875 0.136080196875 0.33227146093750004
15 0 0.34275682343749997 0.008230364062499999 0.33817865468749997 0.01475505 0.3136296515625 0.025734809375 0.305246346875 0.07863221718749999 0.3079454265625 0.1090653109375 0.2985444796875 0.1201951453125 0.2987431484375 0.14764454375 0.2777848890625 0.158460590625 0.2600394328125 0.1872040140625 0.2335472296875 0.23956934218749998 0.20581931562500003 0.255957125 0.1885632828125 0.26788983437499997 0.155141553125 0.20760823125 0.12784017812499998 0.21113558281249997 0.090953684375 0.1927989140625 0.07629505156250001 0.18687245624999999 0.055520965624999995 0.16592045625000001 0.050369864062500005 0.176681928125 0.029503690625000002 0.1695023765625 0.0166040859375 0 0.025471101562499997 0 0.34275682343749997
4 0.266722721875 0.3269990703125 0.251233315625 0.3160959578125 0.22894636249999997 0.31413826093749997 0.20535174375 0.3169343296875 0.20408500625 0.3240286328125 0.22386577187499998 0.34173529375 0.2739977734375 0.34535992968749996 0.266722721875 0.3269990703125
4 0.5050680187500001 0.3566989640625 0.610903759375 0.3644376609375 0.6218016609375 0.35137328125 0.6187906812499999 0.3382556109375 0.5892559640624999 0.3194974140625 0.5322172734375 0.318576759375 0.5046723703125 0.3340737640625 0.50058565625 0.33897290625 0.5050680187500001 0.3566989640625
11 0.76072675625 0.342544040625 0.6996559234374999 0.3496432453125 0.6987575484375 0.377802390625 0.709955596875 0.3819019546875 0.7086206453125 0.38509536093749996 0.722502240625 0.38358829375000003 0.8339779343749999 0.39571731250000003 0.8728573140625 0.392121665625 0.88521295625 0.38288549375 0.8832504265625 0.3501906515625 0.8666443546875 0.3549638140625 0.8443028312499999 0.3498854 0.8178609484375 0.34892595000000004 0.7957513546875 0.3571105859375 0.7874005671875 0.3567665390625 0.774853925 0.3550802 0.7746902078125 0.3457180484375 0.77053528125 0.3467162953125 0.76620299375 0.337572209375 0.76072675625 0.342544040625
11 0.692844734375 0.3578084828125 0.693199453125 0.3780931453125 0.751654953125 0.3805014703125 0.8269075265625 0.3890591421875 0.878538196875 0.398852525 0.8854448874999999 0.3961485421875 0.8916012125 0.3505346984375 0.7092734453125 0.3428929890625 0.7023531125 0.3448167921875 0.692844734375 0.3578084828125
11 0.6319921890625 0.37739055781249997 0.66814709375 0.37706100625 0.6735414750000001 0.3674080984375 0.6679151640625001 0.3637979578125 0.6717972328124999 0.347196125 0.6285309921875 0.33852696875 0.6257792296875 0.3402327046875 0.6152360453125 0.373581746875 0.6319921890625 0.37739055781249997
11 0.6248808546875 0.36839184999999997 0.6374684265624999 0.37241872656249997 0.6694956890625 0.37464777968749996 0.67626595 0.3641420046875 0.675965803125 0.346978059375 0.6300705875 0.3470362515625 0.6177831625 0.3601733203125 0.6179741640625 0.37109583125 0.6248808546875 0.36839184999999997
11 0.9750544968750001 0.35085444374999997 0.9528766890625 0.3551381828125 0.9305624515625001 0.351620128125 0.9180703796874999 0.35305450625 0.9199783375000001 0.38262863281250004 0.9795641453125 0.3701408609375 0.97925035625 0.3521967359375 0.9750544968750001 0.35085444374999997
13 0.48690703593749995 0 0.17783952187500002 0.016167953125000002 0.183574975 0.026019529687499997 0.178412528125 0.048935484375 0.1882074078125 0.052327559375 0.19974653125 0.0759316078125 0.22644763124999998 0.09171446562499999 0.21563158593749998 0.1094599203125 0.217362184375 0.128891715625 0.23276973281250002 0.1351137515625 0.242673759375 0.1447472609375 0.34443643125 0.15816528125 0.36711903125 0.1827481765625 0.383916103125 0.188897525 0.414567484375 0.191979446875 0.43857139375000004 0.2125887578125 0.46504056250000003 0.21510856718750002 0.516398371875 0.2092983625 0.5262478234375 0.21581115468749998 0.5387535375 0.21515695625000003 0.5608222031250001 0.2046317828125 0.579879890625 0.1809889390625 0.601880340625 0.16656286874999998 0.6407597218750001 0.1629672234375 0.6850607671875 0.151279028125 0.7153710734375001 0.1348564671875 0.718040978125 0.1284696546875 0.7276857875 0.1232797578125 0.7665242375 0.11734357343749999 0.819135140625 0.1036588875 0.862319521875 0.10764696874999999 0.8803151187499999 0.1028011171875 0.9067297140624999 0.10220020781250001 0.934397403125 0.09372481875000001 0.9424753296875 0.07846527812500001 0.9559045109375001 0 0.48690703593749995 0
6 0.3764541734375 0.318916115625 0.3694110546875 0.31381830312500003 0.3625725796875 0.32042318281250004 0.3672459421875 0.34907175156250003 0.37807562968749997 0.332106475 0.3764541734375 0.318916115625
6 0.37917865 0.3156500203125 0.376740678125 0.33529988125 0.3851187515625 0.3372042859375 0.3904312703125 0.322870303125 0.3861126265625 0.31450639687500004 0.38191677031250004 0.3131641046875 0.37917865 0.3156500203125
11 0.31163770468749996 0.3504189453125 0.3099753203125 0.3348880484375 0.2780162734375 0.33655989062499997 0.2768996078125 0.35223616562500004 0.31163770468749996 0.3504189453125
11 0.3587723703125 0.341706090625 0.3517019625 0.33504792031249997 0.3280391296875 0.33394309375 0.31975655937499997 0.33749994375000003 0.315806275 0.3502008796875 0.34091320468749997 0.3543537359375 0.360352896875 0.3525559125 0.3587723703125 0.341706090625
11 0.43832994531249997 0.357847490625 0.4898923984375 0.3637399765625 0.505190803125 0.363720578125 0.51207020625 0.3594562375 0.5051089453125 0.3590395015625 0.4980248984375 0.351601153125 0.496430728125 0.3399711515625 0.48246727500000003 0.33679714375 0.47137837187500004 0.33893901249999997 0.45738763281250006 0.3342046453125 0.39483177343750003 0.335915284375 0.3879660125 0.3409598046875 0.37409805937499996 0.3432470515625 0.37148272968749996 0.35275458125000003 0.3910315625 0.3571981921875 0.43832994531249997 0.357847490625