11 1 0.6915541140625 0.9972481203125 0.689441421875 0.9875410125 0.6908443453124999 0.9818908609375001 0.6857365468750001 0.973586065625 0.687831046875 0.9401214625 0.6821601234375 0.9167457375 0.6969401640624999 0.894540534375 0.6991433484375 0.8722262546874999 0.6951025671875 0.8609259484375 0.6848869703125 0.8575350343749999 0.6499424874999999 0.8611693125000001 0.619236390625 0.8747288531249999 0.5996153046875 0.8744970625 0.586346875 0.8825155296875 0.5678619578124999 0.8782404203124999 0.5618847453125 0.8544965578125 0.55559139375 0.829473096875 0.555630928125 0.7152743203124999 0.5441903124999999 0.6621909828125 0.5296177953125001 0.6510951984375 0.531109634375 0.486563171875 0.5033576734375 0.47535830937499995 0.4986055484375 0.4391163515625 0.493112459375 0.43488214531249997 0.489476734375 0.4181771140625 0.4882022640625 0.3957264859375 0.476356521875 0.374828153125 0.473787815625 0.3676257078125 0.45940298281249997 0.36075049375 0.4637500515625 0.35235025625 0.4603810828125 0.3356861265625 0.46144809999999997 0.3359315515625 0.47549702656250004 0.21640985625 0.4776805140625 0.2079687140625 0.47197005625 0.182999790625 0.475131575 0.170433521875 0.4720293578125 0.1689630359375 0.4674353 0.1606173375 0.4671883125 0.15248979375 0.4794292609375 0.138657559375 0.4834404265625 0.1177864953125 0.4824327109375 0.1068543265625 0.493290503125 0.0943562296875 0.4940907671875 0.078971703125 0.4888249 0.0400751015625 0.4905341109375 0.0193131140625 0.49577036249999995 0.0038604140625 0.48660201562500005 0 0.48904288281249997 0 0.5043634765625 0.0086513671875 0.9995970562500001 0.4595988578125 0.9785938390625001 1 0.9439915140625 1 0.9111215250000001 0.984442609375 0.9113887984375 0.9936452328125001 0.881107525 1 0.8795048296875001 1 0.6915541140625
2 0.152176196875 0.46147785468749997 0.137866746875 0.43817166093750004 0.1336870796875 0.43765791875 0.1199775578125 0.4486935484375 0.11620693281250001 0.47159468593750004 0.13024368749999998 0.4792909609375 0.1454782328125 0.47597137187499994 0.152176196875 0.46147785468749997
2 0.1204033203125 0.4683843625 0.1270585796875 0.47485265468750004 0.1328969671875 0.48137325000000003 0.137717978125 0.47646826875 0.1400161984375 0.4675881640625 0.1431633671875 0.460492215625 0.13496259531250002 0.45917880312500003 0.1251601671875 0.4598064609375 0.1204033203125 0.4683843625
2 0.1476420265625 0.44067121875000004 0.1493033984375 0.45619221874999993 0.1563285921875 0.460430603125 0.1645515796875 0.453653128125 0.1656948328125 0.43951528125 0.158628734375 0.432935409375 0.1476420265625 0.44067121875000004
2 0.1597934703125 0.45981806093750005 0.1638163375 0.4513560984375 0.1636868078125 0.44394138749999995 0.1518898671875 0.4450874390625 0.15347624843750002 0.4563157125 0.1597934703125 0.45981806093750005
4 1 0.528642328125 0.998071590625 0.41825365000000003 0.971891240625 0.431650534375 0.9312262546875001 0.491294284375 0.9242965015625 0.49251937031250004 0.9075232953124999 0.48734242187500004 0.8978570921875001 0.4910868328125 0.8940455640625 0.51164648125 0.9066527375 0.5170901859375 0.894522778125 0.5389638390625 0.8642875343749999 0.638570953125 0.8634715140625 0.6714407015625 0.8762832078124999 0.6885918453125 0.9124569921875001 0.6901824546875 0.9386373421875 0.67678556875 1 0.682587103125 1 0.528642328125
4 0.220453175 0.470389296875 0.2223190671875 0.4976177375 0.2638703109375 0.48870622499999994 0.29305980625 0.4883999375 0.31405358125 0.49643211562499995 0.32653804375 0.49485135781249995 0.33013141875 0.4618037734375 0.3103354328125 0.44275573125 0.2450266921875 0.44459339531250003 0.220453175 0.470389296875
12 0.5698524203125 0.33706257968750003 0.5702478265625001 0.35969696406249996 0.625822190625 0.3577012296875 0.639640790625 0.35290956875 0.6392999234375 0.3333971703125 0.6170401812499999 0.332478371875 0.5698524203125 0.33706257968750003
4 0.1081202921875 0.4861771234375 0.10613168749999999 0.45192421875 0.0989292421875 0.4375393859375 0.0904881015625 0.43182892500000003 0.03353869375 0.434694075 0.0239543 0.4431214609375 0.0119061484375 0.469678090625 0.013676596874999999 0.491443059375 0.0289520484375 0.490464959375 0.0358272609375 0.486117890625 0.0886106359375 0.48351949687499995 0.094274421875 0.48940779218749997 0.1081202921875 0.4861771234375
4 0.17837018124999998 0.448861465625 0.1787655875 0.47149585 0.18987500468750002 0.4707845046875 0.2036663359375 0.46443185 0.218996325 0.4665757359375 0.2450130578125 0.4438128984375 0.244917615625 0.4383494265625 0.2350332578125 0.429605903125 0.1947479796875 0.43140403281250006 0.17837018124999998 0.448861465625
4 0.3130173453125 0.43711442343750007 0.33284059843749997 0.45772345625 0.3828329828125 0.45452240312500003 0.385446721875 0.4449786140625 0.375439653125 0.4292106265625 0.3295314921875 0.4274619484375 0.3130173453125 0.43711442343750007
4 0.278314046875 0.4401178734375 0.271125234375 0.42651353593749997 0.2419630109375 0.4283808171875 0.24638810156250002 0.44294348437500003 0.278314046875 0.4401178734375
2 0.8797067843749999 0.40707978906250003 0.8785498953124999 0.4204371390625 0.8883524453125 0.4244976875 0.8993800562500001 0.419103365625 0.8935390171875 0.40306862343749994 0.8865410921875 0.40039122968749996 0.8797067843749999 0.40707978906250003
4 0.9684321515625 0.392803571875 0.9662138203125 0.42498174375 0.9746276921874999 0.4291312109375 0.9980306859375 0.4159121625 0.99726714375 0.37220438749999996 0.9751982874999999 0.38221253437499997 0.9684321515625 0.392803571875
4 0.7575849828125001 0.41958756093750005 0.754630378125 0.40961895000000004 0.7267341187499999 0.40437284843750004 0.70049923125 0.41464774843749996 0.6991787265625 0.4186391484375 0.7229634921875 0.4272739875 0.75486216875 0.42288738124999997 0.7575849828125001 0.41958756093750005