4 0 0.47109375 0.029166667187500002 0.471875 0.0486111109375 0.45546875 0.06527777812499999 0.45234375 0.15 0.44921875 0.25 0.45 0.28055555625 0.4578125 0.2875 0.46640625 0.302777778125 0.4703125 0.31805555625 0.46640625 0.31944444375000003 0.459375 0.3291666671875 0.4515625 0.35 0.44921875 0.35555555625 0.384375 0.32083333281250004 0.3578125 0.2916666671875 0.32578125 0.2791666671875 0.31953125 0.20833333281250002 0.3140625 0.0791666671875 0.31640625 0.0458333328125 0.3296875 0.019444443750000002 0.3515625 0.013888889062500001 0.3609375 0 0.3703125 0 0.47109375
4 0.7875 0.3046875 0.7666666671875 0.2796875 0.7041666671875 0.28125 0.6861111109375 0.284375 0.6736111109375 0.29453125 0.66805555625 0.31328125 0.672222221875 0.35 0.73194444375 0.340625 0.7638888890625 0.340625 0.775 0.34921875 0.7875 0.34453125 0.7875 0.3046875
4 0.397222221875 0.34453125 0.40555555625000006 0.34609375 0.42222222187499997 0.3578125 0.44305555625000004 0.3546875 0.4513888890625 0.35625 0.45694444375 0.353125 0.459722221875 0.315625 0.440277778125 0.29609375 0.43194444374999996 0.27890625 0.4166666671875 0.271875 0.3638888890625 0.26875 0.3291666671875 0.271875 0.3125 0.29296875 0.30416666718749996 0.321875 0.302777778125 0.3296875 0.3263888890625 0.35703125 0.34722222187499996 0.34765625 0.3638888890625 0.3546875 0.36666666718749996 0.35078125 0.397222221875 0.34453125
4 0.5583333328125 0.3421875 0.5611111109375 0.30078125 0.5513888890625 0.275 0.534722221875 0.26875 0.48472222187499997 0.26796875 0.46944444374999994 0.26875 0.447222221875 0.278125 0.44444444375 0.30234375 0.4583333328125 0.31927083437500003 0.459722221875 0.34140625 0.527777778125 0.33984375 0.540277778125 0.34375 0.5583333328125 0.3421875
4 0.6736111109375 0.27890625 0.6569444437499999 0.26328125 0.590277778125 0.26328125 0.58055555625 0.26640625 0.575 0.27421875 0.5722222218749999 0.296875 0.5791666671875 0.31015625 0.6347222218749999 0.30625 0.652777778125 0.31015625 0.66805555625 0.30625 0.6736111109375 0.27890625
4 0.8638888890624999 0.2984375 0.8416666671874999 0.27421875 0.7888888890625 0.2734375 0.7763888890625 0.2796875 0.775 0.28671875 0.79305555625 0.31328125 0.8375 0.3125 0.847222221875 0.31640625 0.8611111109375 0.3140625 0.8638888890624999 0.2984375
4 0.1111111109375 0.27109375 0.09444444375 0.29921875 0.09444444375 0.31484375 0.19444444375 0.3140625 0.20416666718749998 0.3109375 0.197222221875 0.28515625 0.18194444375000002 0.26953125 0.1111111109375 0.27109375
4 0.95555555625 0.2671875 0.9291666671875 0.26640625 0.9138888890624999 0.27265625 0.909722221875 0.27734375 0.9111111109375001 0.29296875 0.91805555625 0.2953125 0.9333333328125001 0.290625 0.95555555625 0.275 0.95555555625 0.2671875
7 0.259722221875 0.27890625 0.2486111109375 0.29375 0.24722222187499998 0.30234375 0.25555555625 0.31328125 0.28611111093749997 0.32265625 0.28611111093749997 0.29375 0.26805555625 0.2765625 0.259722221875 0.27890625
7 0.05 0.2859375 0.0416666671875 0.2890625 0.0375 0.2984375 0.0513888890625 0.32265625 0.07083333281250001 0.3140625 0.072222221875 0.30625 0.061111110937500004 0.2875 0.05 0.2859375
7 0.025 0.31484375 0.0013888890625 0.3 0 0.340625 0.0208333328125 0.34296875 0.0333333328125 0.3359375 0.0375 0.321875 0.0333333328125 0.31640625 0.025 0.31484375
7 0.9055555562500001 0.2625 0.8958333328125001 0.25546875 0.8916666671875 0.25625 0.875 0.2671875 0.875 0.27890625 0.8847222218749999 0.2890625 0.9 0.2828125 0.9083333328125001 0.275 0.9055555562500001 0.2625
7 0.890277778125 0.2625 0.8819444437499999 0.2625 0.8763888890624999 0.26640625 0.8763888890624999 0.28203125 0.8833333328125 0.28828125 0.890277778125 0.28828125 0.9 0.2796875 0.8986111109375001 0.2703125 0.890277778125 0.2625
7 0.76944444375 0.27578125 0.775 0.28125 0.790277778125 0.2703125 0.784722221875 0.26484375 0.772222221875 0.2703125 0.76944444375 0.27578125