11 1 0.3990021953125 0.9923151140625001 0.4060571421875 0.9748021140625 0.40422017343750005 0.9617501531249999 0.3944293546875 0.9594103 0.377284965625 0.9541995109375 0.373524825 0.9127724875000001 0.3669078109375 0.8224365203125 0.3726690828125 0.8146047140625001 0.386197853125 0.8072821093749999 0.42709539999999996 0.794139546875 0.435302165625 0.7908187609375 0.44165801718750003 0.7664548875 0.42984957812499996 0.75841378125 0.42069516875 0.7286485500000001 0.4215623078125 0.7219976109374999 0.41471456562500003 0.720498109375 0.3912865859375 0.715587221875 0.392212040625 0.707555478125 0.40261707968750005 0.666878209375 0.40771405781250003 0.66737804375 0.41552338437499997 0.6752192171875 0.42155406093750003 0.687471446875 0.41884995625 0.702504009375 0.42075918593750006 0.7119352875 0.4322202625 0.704893846875 0.4386845078125 0.6963122890625 0.44049928749999995 0.70922366875 0.46750675625 0.7117228421874999 0.5065533921875 0.7073617718749999 0.5160691078124999 0.6871777703124999 0.5307401171875 0.6287375828124999 0.5300954609375 0.6068635125 0.537774209375 0.5735775640624999 0.54187346875 0.589319265625 0.5742752046875 0.5969573625 0.6741984609375 0.5930461421875 0.690742571875 0.5844146015625 0.6917764171874999 0.573902428125 0.70225371875 0.5765609171875 0.7632026015625 0.5625280218750001 0.7769120265625 0.5465051546875 0.778943590625 0.5351932453125 0.77692596875 0.531622540625 0.7793771578124999 0.5090986875 0.7769037796875 0.49252600468749996 0.7703450859375 0.49088591875 0.7641337546875 0.4782338234375 0.760590396875 0.48165457500000003 0.755796409375 0.47356348437499995 0.74586106875 0.4475189109375 0.7466198125 0.44096793749999996 0.7413339375 0.42871570937500003 0.7440380421875 0.42355490468749996 0.741058834375 0.41760373125 0.7451441515624999 0.40748205625 0.7423094671875 0.40530152187499996 0.747067325 0.392799375 0.745866765625 0.3879884546875 0.7483540875 0.3221569421875 0.7487071484375 0.2207089984375 0.7555745296875 0.1326035484375 0.757358875 0.097586915625 0.7732443875 0.054229275 0.7752898953125 0.05031805625 0.7918340046875 0.03534484375 0.8102651562500001 0.049776587500000004 1 0.6125623578125 1 1 0.98871295625 1 0.3990021953125
4 0.0631201625 0.48711178125 0.0475971328125 0.496952675 0.0173508046875 0.5291293796875001 0.034445140624999995 0.796208365625 0.045307201562499996 0.79119759375 0.0514489390625 0.770676559375 0.0673718375 0.7670831296875 0.0984272671875 0.76696079375 0.10819905781250001 0.76432895 0.11271007968749999 0.757156034375 0.1286329765625 0.7535626046874999 0.27487871406250003 0.747737315625 0.45168004687499996 0.7339803671875 0.47276375000000004 0.7333661453125 0.4919168359375 0.74141444375 0.5134597578125 0.7673880640624999 0.54228466875 0.77124265625 0.5657488390625 0.76899430625 0.572340428125 0.755501665625 0.57107210625 0.696859453125 0.5790538625 0.6856734796875 0.587535453125 0.682296834375 0.5918965234375 0.67278111875 0.5856985765625 0.5759454625 0.5757674671874999 0.5566750593750001 0.545692971875 0.5332971515625 0.5063277796875 0.4812415171875 0.4766531515625 0.464111071875 0.45511959687500003 0.4576969 0.3668641953125 0.45713844843749996 0.16629879218750002 0.46845815 0.101017096875 0.4774014703125 0.0631201625 0.48711178125
2 0.34859880468750004 0.43010640312500004 0.3218479703125 0.4302838859375 0.3227707421875 0.44470110468749996 0.3388423875 0.45687148593750004 0.3480749328125 0.4517878171875 0.34859880468750004 0.43010640312500004
2 0.777638728125 0.371626990625 0.76375578125 0.38767921250000004 0.7670953046875 0.42044225468749996 0.786698240625 0.43551894999999996 0.8043518234375 0.42013926718750005 0.8018526515625 0.38109263125 0.78513001875 0.3721911390625 0.777638728125 0.371626990625
2 0.7924530828125 0.435832765625 0.7930923 0.4159535046875 0.79403910625 0.40087998125 0.77495883125 0.4014358390625 0.7680956984375 0.4136725296875 0.77558121875 0.42609304843749995 0.7924530828125 0.435832765625
2 0.972324325 0.3938805671875 0.9881652781250001 0.40244664375 0.989720059375 0.381938871875 0.9639616875 0.3826892796875 0.972324325 0.3938805671875
4 0.49428799687499997 0.4096124921875 0.4579405484375 0.44353171874999997 0.45496964687499997 0.4553541 0.471392378125 0.459569996875 0.5112886515625 0.48109699531250005 0.5383422625 0.515516353125 0.5472737046875 0.5191681015625 0.5492636734375 0.5308459609375 0.562265653125 0.5398558484375 0.6065636125 0.5330886125000001 0.6134551015625 0.52428156875 0.6429204281249999 0.5187288375 0.6590432609375 0.5182591375000001 0.6720452406249999 0.527269021875 0.69049855625 0.5243842640625 0.7055717359375 0.507514978125 0.7066526343749999 0.4855766 0.69979239375 0.4560456796875 0.6838601265625 0.44007966249999997 0.688471115625 0.4344686109375 0.7020135437499999 0.43250930624999995 0.6967527734375001 0.42796823437500003 0.667877878125 0.42333271093749997 0.65601615 0.4127248296875 0.6407336671875 0.4069109359375 0.5841241312500001 0.39604189375 0.5556990875000001 0.398434765625 0.5530687015625 0.396164228125 0.512491396875 0.4028230703125 0.49428799687499997 0.4096124921875
4 0.46100204843750003 0.413711753125 0.4625015515625 0.437139734375 0.48585638906249995 0.413770071875 0.5025696546875 0.4031121171875 0.5160121156249999 0.39959094687499996 0.5145219812499999 0.3957224140625 0.47126430781249995 0.39932978750000003 0.46100204843750003 0.413711753125
4 0.7268991312499999 0.3942296609375 0.7334094906249999 0.418294053125 0.7630247671875 0.41508411875 0.7619657453124999 0.379125084375 0.7418223609375 0.375017578125 0.7321505359375 0.3792112875 0.7268991312499999 0.3942296609375
4 0.680401903125 0.3666358578125 0.6592682140624999 0.3664691453125 0.6483561734375 0.3706989859375 0.6451353531249999 0.3786167046875 0.6492652421875 0.40431522343750004 0.66761859375 0.3998685984375 0.6962935531250001 0.40138039062499997 0.69663406875 0.387287471875 0.680401903125 0.3666358578125
4 0.6198905156250001 0.39187037187499996 0.608178734375 0.3836052890625 0.5929462375 0.3785723296875 0.55946035625 0.3795478578125 0.5485982953125 0.38455863125 0.5454774437500001 0.3940382140625 0.5593697578125 0.39754544062499997 0.5914154859375 0.3934823125 0.6042175328125 0.399368465625 0.61666969375 0.3997880921875 0.6198905156250001 0.39187037187499996
4 0.7023853078125 0.3800784234375 0.7236189609375 0.381807 0.7283299140625 0.37775781406250003 0.7275301796875 0.365262890625 0.723559609375 0.36146661875 0.7049563421875 0.3620085796875 0.7023853078125 0.3800784234375
16 0.6735010453125 0.355883453125 0.6677498078124999 0.3630925 0.686952875 0.3719217328125 0.6962342015625 0.38104000937500004 0.7023353234374999 0.3792974921875 0.7009357875 0.357431375 0.694534765625 0.354488296875 0.6735010453125 0.355883453125
4 0.8234674359374999 0.3499497734375 0.824567071875 0.36713029218750004 0.8530420984375 0.36551835312500003 0.8521923796875001 0.35224249687500003 0.842911053125 0.3431242203125 0.8293186406249999 0.344302590625 0.8234674359374999 0.3499497734375
4 0.8706956796875 0.35013867187500003 0.8654442765624999 0.365157046875 0.8705550984375 0.367355321875 0.8903485999999999 0.3659962984375 0.896299771875 0.36191098125 0.8947096703125 0.3564805828125 0.8855283125 0.3489241703125 0.8706956796875 0.35013867187500003
4 0.7419629421875 0.357800928125 0.7352214046875 0.3689507703125 0.7429126265625 0.37263864999999996 0.7589854765624999 0.37138801718750003 0.769947503125 0.3679391109375 0.768407384375 0.36328964375 0.7593759765625 0.35807603125 0.7419629421875 0.357800928125
2 0.7962419953125 0.3710850296875 0.804283103125 0.3802394375 0.81345509375 0.36823640156250004 0.8091346390625 0.3589736015625 0.8003531484374999 0.35766465 0.795542228125 0.36015197187500003 0.7962419953125 0.3710850296875
4 0.512731946875 0.38716828593749997 0.5166525328125 0.39018362500000003 0.5416568234375 0.3925847421875 0.5397168375 0.3816878140625 0.5294951953125 0.3772912625 0.5159527640625 0.379250565625 0.512731946875 0.38716828593749997
12 0.5982976078125 0.3651158203125 0.600128259375 0.3548914328125 0.589906615625 0.35049488281249996 0.573783784375 0.35096458125 0.5747334687500001 0.3658023015625 0.5982976078125 0.3651158203125
12 0.3622501265625 0.2491574328125 0.358979325 0.25629421875 0.3660894828125 0.289729803125 0.3946644765625 0.2896797296875 0.46009612187500004 0.28307920625 0.4584966515625 0.258089359375 0.449955709375 0.241125625 0.3622501265625 0.2491574328125
11 0.06644094687499999 0.48075592812499995 0.014751667187500001 0.488520878125 0.016850971875000002 0.521320053125 0.06644094687499999 0.48075592812499995
11 0.29001130625 0.44060003437499995 0.2174882390625 0.45288387031250005 0.1883228125 0.4631222015625 0.3334282984375 0.458894909375 0.3283174765625 0.45669663437499997 0.319776534375 0.4397328984375 0.30945492343750003 0.43377448281250003 0.29001130625 0.44060003437499995
11 0.361843975 0.436942590625 0.3630435765625 0.45568497499999994 0.451149025 0.453900628125 0.45307964375000004 0.44523810625 0.46022105 0.4403357265625 0.46005236250000003 0.39887403125 0.3709159984375 0.42337768750000004 0.361843975 0.436942590625