11 0 0.99921875 0.9962732921875 0.99921875 0.9987577640625 0.79296875 0.9826086953125 0.775 0.9776397515624999 0.75859375 0.934161490625 0.7578125 0.8981366453125 0.74296875 0.8099378875 0.74375 0.708074534375 0.73984375 0.642236025 0.74140625 0.63726708125 0.7390625 0.6248447203125 0.740625 0.6223602484375 0.7359375 0.6124223609375 0.7390625 0.6062111796874999 0.73515625 0.6012422359375 0.73828125 0.588819875 0.7359375 0.5826086953125 0.74140625 0.5565217390625 0.74140625 0.5490683234375 0.7515625 0.55279503125 0.75625 0.5403726703125 0.76015625 0.539130434375 0.76640625 0.5229813671875 0.7734375 0.50062111875 0.7765625 0.496894409375 0.77421875 0.4857142859375 0.7765625 0.46956521718750005 0.775 0.45465838437499995 0.76171875 0.4534161484375 0.70078125 0.442236025 0.690625 0.4335403734375 0.68984375 0.428571428125 0.6734375 0.4298136640625 0.5734375 0.4434782609375 0.540625 0.40993788750000004 0.5375 0.3875776390625 0.53046875 0.329192546875 0.5328125 0.308074534375 0.51875 0.30310559062500003 0.509375 0.30310559062500003 0.4703125 0.3142857140625 0.44296875 0.3055900625 0.44140625 0.2981366453125 0.43515625 0.3068322984375 0.4234375 0.32173912968749996 0.42109375 0.334161490625 0.4234375 0.34161490625 0.4171875 0.34161490625 0.409375 0.30062111874999997 0.40546875 0.291925465625 0.3953125 0.286956521875 0.39453125 0.286956521875 0.41796875 0.2807453421875 0.425 0.2509316765625 0.425 0.2434782609375 0.434375 0.21987577656249999 0.446875 0.21614906875 0.440625 0.202484471875 0.4328125 0.192546584375 0.3921875 0.18385093125000002 0.37890625 0.09316770156250001 0.37578125 0.052173912499999996 0.38359375 0.04720496875 0.3875 0.045962732812500004 0.4046875 0.0335403734375 0.41484375 0.016149068750000002 0.4171875 0.0049689437500000004 0.4078125 0 0.41015625 0 0.99921875
4 0.465838509375 0.7671875 0.48944099375 0.76875 0.518012421875 0.7640625 0.5378881984375 0.7375 0.5565217390625 0.72890625 0.5776397515625 0.72890625 0.7552795031249999 0.7375 0.9018633546875 0.7390625 0.9180124218750001 0.7421875 0.9229813671875 0.74921875 0.9329192546874999 0.7515625 0.9639751546875001 0.75078125 0.9801242234374999 0.75390625 0.9875776390625 0.77421875 0.9987577640625 0.77890625 0.9987577640625 0.51171875 0.9664596265625001 0.48046875 0.950310559375 0.47109375 0.9118012421874999 0.4625 0.8459627328125 0.45546875 0.644720496875 0.45 0.5565217390625 0.453125 0.5354037265625 0.46015625 0.5068322984375 0.478125 0.47080745312500005 0.53125 0.442236025 0.55546875 0.4335403734375 0.575 0.4335403734375 0.671875 0.43850931718749997 0.68125 0.44720496875000004 0.684375 0.45590062187499997 0.6953125 0.45838509375000003 0.75390625 0.465838509375 0.7671875
2 0.661251790625 0.4224759609375 0.663162925 0.4441105765625 0.6727185859375 0.44891826874999996 0.6880076453124999 0.4362980765625 0.6880076453124999 0.421875 0.661251790625 0.4224759609375
2 0.2211180125 0.37734375 0.20496894375000002 0.38671875 0.20496894375000002 0.42578125 0.22360248437500002 0.440625 0.24223602500000002 0.425 0.2434782609375 0.3921875 0.22857142812500003 0.3765625 0.2211180125 0.37734375
2 0.233158146875 0.40625 0.21404682187500002 0.40625 0.21595795468749998 0.4212740390625 0.2178690875 0.44110576874999996 0.2341137125 0.4308894234375 0.240802675 0.41826923125000004 0.233158146875 0.40625
2 0.020066889062500003 0.4134615390625 0.0353559484375 0.404447115625 0.043000478125000005 0.393028846875 0.017200190625 0.393028846875 0.020066889062500003 0.4134615390625
4 0.3254658390625 0.5265625 0.344099378125 0.52890625 0.3565217390625 0.51953125 0.3726708078125 0.51953125 0.40248447187499997 0.52421875 0.40993788750000004 0.5328125 0.45465838437499995 0.53828125 0.4670807453125 0.52890625 0.46832298124999994 0.5171875 0.4770186328125 0.51328125 0.5018633546875 0.478125 0.5403726703125 0.45546875 0.5565217390625 0.45078125 0.55279503125 0.4390625 0.5142857140625 0.40625 0.4956521734375 0.4 0.45465838437499995 0.39453125 0.4521739125 0.396875 0.42360248437500003 0.3953125 0.3677018640625 0.4078125 0.35279503125 0.4140625 0.34161490625 0.425 0.313043478125 0.43046875 0.308074534375 0.43515625 0.32173912968749996 0.43671875 0.326708075 0.4421875 0.3118012421875 0.45859375 0.3068322984375 0.48828125 0.3093167703125 0.51015625 0.3254658390625 0.5265625
4 0.5366459625 0.3953125 0.49316770156249995 0.39296875 0.49192546562499995 0.396875 0.5055900624999999 0.4 0.5229813671875 0.41015625 0.5478260875000001 0.4328125 0.5478260875000001 0.409375 0.5366459625 0.3953125
4 0.244720496875 0.38359375 0.24596273281249997 0.41953125 0.275776396875 0.421875 0.2807453421875 0.39765625 0.2745341609375 0.3828125 0.2645962734375 0.37890625 0.244720496875 0.38359375
4 0.3465838515625 0.36796875 0.3254658390625 0.36875 0.31055900625 0.38984375 0.3118012421875 0.40390625 0.34037267031249996 0.4015625 0.35900621093749996 0.40546875 0.3614906828125 0.3796875 0.357763975 0.371875 0.3465838515625 0.36796875
4 0.4621118015625 0.3921875 0.45838509375000003 0.3828125 0.44720496875000004 0.378125 0.413664596875 0.378125 0.3987577640625 0.38359375 0.3875776390625 0.3921875 0.3913043484375 0.4 0.4037267078125 0.39921875 0.41614906874999996 0.39296875 0.4484472046875 0.39609375 0.4621118015625 0.3921875
4 0.2782608703125 0.36875 0.2782608703125 0.38125 0.2832298140625 0.38515625 0.30434782656250003 0.3828125 0.30062111874999997 0.36484375 0.28198757812499997 0.36484375 0.2782608703125 0.36875
16 0.31055900625 0.35703125 0.30434782656250003 0.36015625 0.30434782656250003 0.38203125 0.31055900625 0.38359375 0.3192546578125 0.37421875 0.3378881984375 0.36484375 0.33167701875 0.3578125 0.31055900625 0.35703125
4 0.15279503125 0.359375 0.15279503125 0.37265625 0.181366459375 0.3734375 0.181366459375 0.35625 0.1751552796875 0.35078125 0.1614906828125 0.35 0.15279503125 0.359375
4 0.1192546578125 0.35703125 0.11055900625 0.36484375 0.1093167703125 0.3703125 0.11552795 0.37421875 0.1354037265625 0.375 0.1403726703125 0.37265625 0.134161490625 0.3578125 0.1192546578125 0.35703125
4 0.24596273281249997 0.3625 0.23726708125 0.36796875 0.2360248453125 0.37265625 0.24720496875000003 0.37578125 0.26335403749999997 0.3765625 0.270807453125 0.37265625 0.26335403749999997 0.36171875 0.24596273281249997 0.3625
2 0.1962732921875 0.36484375 0.192546584375 0.37421875 0.202484471875 0.3859375 0.20993788750000003 0.3765625 0.20993788750000003 0.365625 0.20496894375000002 0.36328125 0.1962732921875 0.36484375
4 0.4670807453125 0.3796875 0.465838509375 0.390625 0.4906832296875 0.3875 0.49440993750000006 0.384375 0.4906832296875 0.3765625 0.4770186328125 0.375 0.4670807453125 0.3796875
12 0.40745341562500004 0.36484375 0.43105589999999994 0.36484375 0.43105589999999994 0.35 0.41490683281249996 0.35 0.40496894375 0.3546875 0.40745341562500004 0.36484375
12 0.5478260875000001 0.23671875 0.5403726703125 0.25390625 0.5403726703125 0.27890625 0.6062111796874999 0.28359375 0.634782609375 0.2828125 0.639751553125 0.24921875 0.6360248453125 0.2421875 0.5478260875000001 0.23671875
11 0.9465838515625 0.46484375 0.9987577640625 0.50390625 0.9987577640625 0.47109375 0.9465838515625 0.46484375
11 0.70062111875 0.425 0.6906832296875 0.43125 0.6832298140625 0.4484375 0.6782608703124999 0.45078125 0.823602484375 0.45078125 0.7937888203125001 0.44140625 0.72049689375 0.43125 0.70062111875 0.425
11 0.6385093171875 0.41640625 0.5478260875000001 0.39453125 0.550310559375 0.4359375 0.5577639750000001 0.440625 0.560248446875 0.44921875 0.6484472046875001 0.4484375 0.6484472046875001 0.4296875 0.6385093171875 0.41640625