4 0.3578125 0.40703125 0.13046875 0.0828125
4 0.4515625 0.3921875 0.109375 0.0765625
16 0.66875 0.38515625 0.0921875 0.08125
4 0.6015625 0.3796875 0.04609375 0.05
4 0.55859375 0.38125 0.0515625 0.03515625
4 0.51875 0.3890625 0.03984375 0.05078125
9 0.7203125 0.4046875 0.04921875 0.0625
10 0.2140625 0.40625 0.04765625 0.059375
4 0.86796875 0.37734375 0.06484375 0.03515625
4 0.95546875 0.37734375 0.0828125 0.0640625
9 0.159375 0.39921875 0.0421875 0.0484375
4 0.759375 0.3734375 0.03203125 0.02734375