11 0 0.99921875 0.9986111109375001 0.99921875 0.9986111109375001 0.971875 0.9930555562500001 0.96640625 0.9763888890624999 0.965625 0.9861111109375 0.9359375 0.9986111109375001 0.93359375 0.9986111109375001 0.74921875 0.9930555562500001 0.74453125 0.9833333328125 0.7453125 0.977777778125 0.73984375 0.9694444437499999 0.74140625 0.9361111109375001 0.73359375 0.9125 0.746875 0.890277778125 0.74765625 0.8680555562500001 0.7421875 0.85694444375 0.73125 0.8541666671874999 0.69609375 0.8583333328125 0.665625 0.872222221875 0.646875 0.872222221875 0.63359375 0.88055555625 0.615625 0.8763888890624999 0.609375 0.852777778125 0.6015625 0.827777778125 0.6 0.7138888890625 0.58125 0.6611111109375 0.56328125 0.65 0.5640625 0.4861111109375 0.52578125 0.475 0.5203125 0.4388888890625 0.5125 0.434722221875 0.50859375 0.41805555625 0.50625 0.3958333328125 0.49296875 0.375 0.4890625 0.36805555624999997 0.47421875 0.3611111109375 0.478125 0.352777778125 0.47421875 0.3361111109375 0.47421875 0.3361111109375 0.48828125 0.2166666671875 0.4828125 0.20833333281250002 0.4765625 0.1833333328125 0.478125 0.1708333328125 0.47421875 0.16944444375 0.46953125 0.1611111109375 0.46875 0.15277777812499999 0.48046875 0.13888888906250002 0.48359375 0.11805555625 0.48125 0.10694444375 0.49140625 0.09444444375 0.49140625 0.0791666671875 0.48515625 0.040277778125000004 0.484375 0.019444443750000002 0.48828125 0.0041666671875 0.478125 0 0.48046875 0 0.99921875
2 0.134722221875 0.4375 0.1208333328125 0.44765625 0.1166666671875 0.4703125 0.13055555624999998 0.47890625 0.1458333328125 0.4765625 0.15277777812499999 0.4625 0.13888888906250002 0.43828125 0.134722221875 0.4375
2 0.1405228765625 0.4678308828125 0.14379085 0.4609375 0.135620915625 0.45909926562500003 0.12581699375 0.45909926562500003 0.1209150328125 0.4673713234375 0.12745098125 0.47426470624999995 0.133169934375 0.4811580875 0.1380718953125 0.4765625 0.1405228765625 0.4678308828125
2 0.14861111093749999 0.44140625 0.15 0.45703125 0.15694444375 0.46171875 0.165277778125 0.45546875 0.1666666671875 0.44140625 0.15972222187500001 0.434375 0.14861111093749999 0.44140625
2 0.15277777812499999 0.44609375 0.1541666671875 0.457421875 0.1604166671875 0.461328125 0.16458333281249998 0.453125 0.16458333281249998 0.445703125 0.15277777812499999 0.44609375
4 0.9986111109375001 0.4734375 0.972222221875 0.48515625 0.9305555562500001 0.5421875 0.9236111109375 0.54296875 0.9069444437499999 0.53671875 0.897222221875 0.53984375 0.89305555625 0.56015625 0.9055555562500001 0.56640625 0.89305555625 0.5875 0.8611111109375 0.68515625 0.859722221875 0.71796875 0.872222221875 0.7359375 0.9083333328125001 0.73984375 0.934722221875 0.728125 0.9986111109375001 0.73828125 0.9986111109375001 0.4734375
4 0.33055555625 0.47421875 0.3111111109375 0.45390625 0.24583333281250003 0.4515625 0.2208333328125 0.47578125 0.222222221875 0.503125 0.2638888890625 0.496875 0.29305555625 0.4984375 0.3138888890625 0.5078125 0.3263888890625 0.50703125 0.33055555625 0.47421875
12 0.5722222218749999 0.36484375 0.5722222218749999 0.3875 0.627777778125 0.3890625 0.6416666671875 0.38515625 0.6416666671875 0.365625 0.61944444375 0.36328125 0.5722222218749999 0.36484375
4 0.10833333281249999 0.484375 0.10694444375 0.45 0.1 0.43515625 0.0916666671875 0.42890625 0.034722221875 0.428125 0.025 0.4359375 0.0125 0.46171875 0.013888889062500001 0.48359375 0.029166667187500002 0.48359375 0.0361111109375 0.4796875 0.0888888890625 0.48046875 0.09444444375 0.48671875 0.10833333281249999 0.484375
4 0.24583333281250003 0.4453125 0.23611111093749998 0.4359375 0.19583333281249998 0.43515625 0.17916666718750002 0.4515625 0.17916666718750002 0.47421875 0.190277778125 0.47421875 0.20416666718749998 0.46875 0.21944444375 0.471875 0.24583333281250003 0.45078125 0.24583333281250003 0.4453125
4 0.3138888890625 0.4484375 0.3333333328125 0.4703125 0.38333333281250004 0.4703125 0.3861111109375 0.4609375 0.3763888890625 0.44453125 0.33055555625 0.43984375 0.3138888890625 0.4484375
4 0.2791666671875 0.44921875 0.272222221875 0.43515625 0.24305555625 0.43515625 0.24722222187499998 0.45 0.2791666671875 0.44921875
2 0.88055555625 0.4546875 0.8791666671874999 0.46796875 0.8888888890625 0.47265625 0.9 0.46796875 0.89444444375 0.4515625 0.8875 0.4484375 0.88055555625 0.4546875
4 0.9694444437499999 0.44609375 0.9666666671874999 0.478125 0.975 0.4828125 0.9986111109375001 0.47109375 0.9986111109375001 0.42734375 0.9763888890624999 0.4359375 0.9694444437499999 0.44609375
4 0.727777778125 0.4421875 0.7013888890625 0.45078125 0.7 0.4546875 0.7236111109375 0.46484375 0.75555555625 0.4625 0.7583333328124999 0.459375 0.75555555625 0.44921875 0.727777778125 0.4421875