4 0.329947446875 0.26651847968750003 0.2967891921875 0.282915990625 0.2775681125 0.30289575625 0.2243542484375 0.3869519265625 0.19964922499999999 0.4133097046875 0.20029479218750001 0.46876718906250003 0.19222345000000002 0.491612759375 0.1832630234375 0.5574506734375 0.18325591562500002 0.676208878125 0.189012634375 0.6932636078125001 0.204384440625 0.7007189984375 0.2196926 0.70270675 0.2779832265625 0.6966627546875 0.29307316562499997 0.6799043140625 0.301408190625 0.6797103921875001 0.3040228671875 0.6655861078124999 0.379019915625 0.6622786359374999 0.3859021234375 0.656649396875 0.4123054640625 0.656816403125 0.4276409 0.6611474296875001 0.43889065625 0.6726052375 0.462497471875 0.6712747046875001 0.4721307421875 0.6632375484375 0.968073884375 0.6524803359375 0.9779799296875 0.6678759203125 0.984671328125 0.6702182734375 0.98856550625 0.5029085265625 0.98653631875 0.32859139531250003 0.9696207687499999 0.3078897734375 0.9079607859375001 0.2632274703125 0.8744842937499999 0.2522867859375 0.8424878984375 0.24912469218750002 0.743802203125 0.246732878125 0.570146734375 0.2499918078125 0.5632281578125 0.25249668281250004 0.425709321875 0.2564774734375 0.329947446875 0.26651847968750003
4 0.2303130171875 0.2570348 0.21919964687500001 0.2572933609375 0.23464419531249997 0.270997484375 0.23470784218750002 0.2764651234375 0.22225985937499998 0.2814425515625 0.2170305046875 0.309691121875 0.2202452875 0.347118865625 0.2301695203125 0.36407663437500004 0.23435521874999998 0.36554185625 0.241255609375 0.3614747984375 0.26570604375 0.3132464625 0.308306628125 0.272408878125 0.3221255984375 0.2658369453125 0.419285734375 0.2565447109375 0.5748365171875001 0.24980048593749998 0.576152946875 0.243519434375 0.5607720484375001 0.23528295312499997 0.5368015328125 0.20536983281249999 0.5172349374999999 0.1956681296875 0.42688426718750005 0.1930823921875 0.3032935109375 0.1998643453125 0.282492315625 0.2034735140625 0.26319849375 0.217204546875 0.2399826578125 0.25212201093750003 0.2303130171875 0.2570348
4 0 0.2765416421875 0.01323464375 0.27544966406250004 0.04107261875 0.279489809375 0.0620011078125 0.28681591875 0.0744945546875 0.285743946875 0.09104640625 0.27520191562499996 0.090600871875 0.236928440625 0.0850078171875 0.23393335468749998 0.077807371875 0.21222439999999998 0.04554729375 0.1864106578125 0 0.1868747 0 0.2765416421875
4 0.1287436421875 0.2110393265625 0.16392688125 0.20943945625 0.19456138437499998 0.21497714218750003 0.19694874843750002 0.181325575 0.1884864265625 0.1705842171875 0.17029990781249998 0.16006910000000002 0.110620109375 0.1661454171875 0.0913808421875 0.184563 0.09451379374999999 0.21496092187500002 0.10843278125 0.21698099375000002 0.1287436421875 0.2110393265625
4 0.2816936625 0.19945630625 0.29676541562500003 0.1811356828125 0.339838809375 0.1809148484375 0.35644521406249996 0.17505936718749998 0.3550014875 0.1704051375 0.3451681796875 0.161258284375 0.284108303125 0.1681480109375 0.2689365328125 0.1778766296875 0.2566067515625 0.193008246875 0.25823232812499997 0.21328429999999998 0.2651781828125 0.2131226984375 0.2816936625 0.19945630625
4 0.286092096875 0.19956545781249999 0.28742671406250003 0.194846590625 0.2625034671875 0.20245817656249998 0.2640381203125 0.21492331562500003 0.286092096875 0.19956545781249999
4 0.2745604734375 0.1638938171875 0.2509172890625 0.1620999859375 0.2342927 0.1663932859375 0.22746504843749998 0.176709075 0.2290815296875 0.1962040390625 0.25684676562500003 0.1939954515625 0.274669584375 0.1732669140625 0.2745604734375 0.1638938171875
4 0.3096989125 0.198234925 0.424963734375 0.192427984375 0.43186412656249995 0.1883609265625 0.4290312296875 0.18373901875 0.40531530625 0.17569645625000002 0.3677895015625 0.17500691875000002 0.3094988765625 0.181050915625 0.2942907359375 0.1876551671875 0.29847643437500004 0.1891203890625 0.2971781875 0.1969636234375 0.3096989125 0.198234925
6 0.6980198515625 0.20427002968750002 0.708057034375 0.19451964375 0.7009619421875 0.16634560781250002 0.681247465625 0.1538371546875 0.66923065 0.153337278125 0.6671084671874999 0.16480689375 0.66470150625 0.1841081046875 0.6519866265625 0.18990256562500002 0.6592778953125 0.202633578125 0.671213984375 0.1945308796875 0.6937156953125 0.18977764218749998 0.6980198515625 0.20427002968750002
6 0.4999971546875 0.1922448765625 0.509657703125 0.1865509953125 0.508204884375 0.1811156765625 0.4913257046875 0.1635384171875 0.4815833234375 0.1622024765625 0.47749764375000003 0.169329259375 0.46092760781250003 0.1783091046875 0.45686920468750003 0.18777916249999999 0.46802803437499996 0.1914260578125 0.4999971546875 0.1922448765625
6 0.6139446734375 0.18380860000000002 0.6160496281250001 0.17085899375 0.599944340625 0.15467162968749998 0.5831465062500001 0.15407118125000002 0.5802381515625 0.16259828125 0.5758781078124999 0.17560035937500001 0.5805458 0.1890268609375 0.5939902140625 0.181312059375 0.6048972203125 0.1816927578125 0.6042538265624999 0.1910131078125 0.6139446734375 0.18380860000000002