11 1 0.7244627421875001 0.9939529765625 0.7173029203125 0.9661025796875 0.7067860171875 0.8894287046875 0.6632428734375 0.8350860875 0.636847259375 0.759779484375 0.5895019484375 0.6998540531249999 0.55881945 0.676182809375 0.5501530203125 0.67196271875 0.54128415 0.6469242015625001 0.5364198874999999 0.6259875046875 0.5201491234375 0.6078854296875 0.5134301109375 0.599495284375 0.5042704109375 0.5577219671875 0.48888496875 0.5075448578125 0.462000359375 0.4741525859375 0.4542149734375 0.4741252921875 0.44953604062499997 0.3850367796875 0.42149667187500006 0.2626105828125 0.395029778125 0.16943844531250002 0.381516196875 0.0582370140625 0.373760753125 0.0569789140625 0.39627864687500003 0.0486615515625 0.3995960984375 0.019471175 0.39756029375 0.02001781875 0.491272465625 0.0368270234375 0.9037999062500001 0.129504809375 0.9197074031250001 0.1768109046875 0.9308016859375 0.1997462 0.9324012453125 0.2143914265625 0.941997190625 0.215822384375 0.94911253125 0.2227815703125 0.951156890625 0.4842277515625 0.9904373765625 0.6414031890625 1 1 1 1 0.7244627421875001
11 0.8064578359375 0.49298080000000005 0.9191584578124999 0.5195489140625 0.9594689765625001 0.5223602625 0.9648971296875001 0.500133196875 0.9645969031250001 0.44866494843750004 0.933998315625 0.44341291250000003 0.9396220703125 0.45471819375000005 0.9383275796874999 0.4709975109375 0.921697403125 0.4784122359375 0.8563574640624999 0.47229626874999997 0.853591075 0.47444185 0.8424572859374999 0.4713268390625 0.8341308265625 0.473084646875 0.8299471234375 0.4704543515625 0.8188360796874999 0.4712384515625 0.8146478296874999 0.46782833437500004 0.7994122203125 0.47611982499999994 0.7967004171875 0.4876232671875 0.8064578359375 0.49298080000000005
11 0.9438740031249999 0.4690458171875 0.9355657390625 0.47392291249999996 0.914738215625 0.47636787812500003 0.829956221875 0.4720139953125 0.8146478296874999 0.46782833437500004 0.8021467671875 0.46851549062500003 0.799394025 0.4730005359375 0.793911284375 0.4858697375 0.7981131796875001 0.4916193203125 0.9442015218750001 0.525193 0.9650244984375 0.5219682125 0.961853259375 0.45470963906249995 0.9465676125 0.45442308750000004 0.9438740031249999 0.4690458171875
11 0.6684457640625 0.41475910625 0.6713850109374999 0.44224676093750004 0.7714799453125 0.4515661265625 0.7671552296875 0.4247613515625 0.7087471859375001 0.4160108109375 0.6684457640625 0.41475910625
4 0.7993485359375 0.46520231718750005 0.8299243796875 0.466555240625 0.8368926671875 0.47015924531250003 0.8716158187499999 0.46790388906249997 0.9091417515625 0.46974152968749994 0.918894621875 0.474319240625 0.93140933125 0.47597155 0.9355611906249999 0.4731430921875 0.9368647796875 0.4584234171875 0.9326537859374999 0.45111419062499997 0.9200935875 0.4416636609375 0.9019733171875 0.43182536093749996 0.8922295453125001 0.42880729375 0.86859014375 0.4255996171875 0.8255086890625 0.4241540265625 0.8019466156249999 0.43420332500000003 0.7964411328125001 0.443173415625 0.7951511890625 0.46023255625 0.7993485359375 0.46520231718750005
4 0.4767051765625 0.4154177609375 0.4934035875 0.41970036562499996 0.5017300484375 0.41794255781249995 0.517942375 0.4182937375 0.5323104421875 0.4200753046875 0.5350813796875 0.41870954843749997 0.5350176953125 0.40779204062499996 0.5336140312500001 0.40535563124999996 0.5294212328125 0.40116569062499996 0.5196592640625 0.3950283375 0.4987999 0.3920145484375 0.4835142515625 0.391727996875 0.4738205171875 0.39728796875 0.47250783125 0.41044800156249994 0.4739023984375 0.41132476562500003 0.4739160453125 0.41366423125 0.4767051765625 0.4154177609375
4 0.3098302515625 0.3913074453125 0.3098257015625 0.390527621875 0.3209276484375 0.3881838796875 0.32508405625000003 0.3861352421875 0.330639578125 0.3857431921875 0.332025046875 0.3850603125 0.35009528125 0.38632057343750004 0.3472925 0.382227578125 0.3431087984375 0.3795972828125 0.341705134375 0.3771608734375 0.3375350828125 0.3768700453125 0.336140515625 0.37599327968749996 0.31390022812499996 0.374442190625 0.31112474218749997 0.3750281265625 0.3055874140625 0.3785394640625 0.3028255734375 0.38146486562500004 0.3028801609375 0.3908227296875 0.3098302515625 0.3913074453125
4 0.26811151718750004 0.385279865625 0.26807967499999996 0.3798211109375 0.2652768953125 0.3757281140625 0.26248776406249996 0.3739745859375 0.254134009375 0.37105346093749997 0.2402338296875 0.3700840296875 0.2374628921875 0.37144978906250004 0.2374765390625 0.3737892546875 0.2360910703125 0.37447213437500004 0.2361365578125 0.382270353125 0.23892569218749998 0.3840238828125 0.24449031250000003 0.385191478125 0.2667260484375 0.38596274531249997 0.26811151718750004 0.385279865625
4 0.1429962625 0.374215525 0.1471663171875 0.374506353125 0.1485517859375 0.37382347656250003 0.14993270625 0.37236077500000003 0.1499145109375 0.3692414859375 0.1485153953125 0.3675848984375 0.1429371265625 0.364077840625 0.142932578125 0.3632980171875 0.141542559375 0.3632010734375 0.1359688421875 0.36047383593750004 0.117898609375 0.3592135765625 0.1165358859375 0.363795565625 0.11793045312499999 0.36467233125 0.11796229375 0.370131084375 0.12075142812499999 0.3718846140625 0.1429962625 0.374215525
4 0.0527952125 0.3936483515625 0.05272243125 0.3811712015625 0.0499060046875 0.3747387390625 0.042933170312500005 0.3703549140625 0.040130390625 0.3662619171875 0.030395715625000003 0.36480349375 0.02343198125 0.36197931250000004 0.0192619265625 0.361688484375 0.019439332812499998 0.392101540625 0.04863880625 0.3956969875 0.0514142921875 0.3951110515625 0.0527952125 0.3936483515625
11 1 0.45344749531249995 0.9965718640624999 0.4516744609375 0.9868462890625 0.45177568125 0.9887048406250001 0.5321942875000001 0.9984759046875 0.5398912859375 1 0.5401114890625001 1 0.45344749531249995
11 1 0.45872611250000006 0.99382821875 0.45771914999999996 0.9882954406250001 0.462010309375 0.9873148234375 0.5320973437500001 0.9984804531249999 0.54067110625 1 0.5408338796875001 1 0.45872611250000006
11 0.5488905828124999 0.40408253906249997 0.5377704375000001 0.40330699374999995 0.54061870625 0.4151982109375 0.5212175921875 0.4239786921875 0.5420860546874999 0.42855212500000006 0.5490134 0.42513773125 0.5503215390625 0.41119787968750005 0.5488905828124999 0.40408253906249997
11 0.654531940625 0.411450209375 0.5905911171875 0.4069908296875 0.5893603093750001 0.4341876546875 0.606104209375 0.4462684796875 0.6269635734375 0.4492822703125 0.6338727234375 0.4427485875 0.6574711859375 0.4389378640625 0.654531940625 0.411450209375