11 1 0.616755159375 0.9353997640625 0.5835371046875 0.7169312156250001 0.482534909375 0.7008088765625 0.47075845312500003 0.690754153125 0.486104115625 0.682545115625 0.4880527671875 0.667077140625 0.4856417890625 0.577073440625 0.491403190625 0.533878465625 0.490284671875 0.44265200625 0.4984520640625 0.42995673281249996 0.49591184374999997 0.42043896406250003 0.4791295296875 0.41561719375 0.43002537343749997 0.40292192031249996 0.42748515156250005 0.38679958124999997 0.41570869374999997 0.3951407703125 0.3957449125 0.3821728453125 0.3893024078125 0.3813548875 0.3775955546875 0.37420501562499997 0.37479684375 0.34248255312500003 0.3786245390625 0.33620516875 0.38831313437500004 0.3202778609375 0.3992345484375 0.29776907812500003 0.3955857734375 0.24791500156250001 0.3986926515625 0.22075639218749998 0.388213634375 0.2100473046875 0.394193815625 0.211842634375 0.39998261875 0.20382445 0.40466286875 0.19730585312499999 0.43080568125 0.15052857343749998 0.4580421 0.11293352812499999 0.457445546875 0.10067449843750001 0.4611489796875 0.09773820625 0.4589368546875 0.0269252875 0.46067170625 0.0162485546875 0.4652977296875 0.01776515625 0.50872753125 0.044276300000000005 0.8881631953125 0.160052259375 0.8929454359375001 0.17073825781250002 0.9065412984375 0.17777906875 0.9077790984374999 0.4341762296875 0.91461945625 1 0.880941603125 1 0.8475579874999999 0.980280775 0.8476645906250001 0.9788629828125 0.8273727125000001 1 0.8261029343749999 1 0.616755159375
4 0.42731618281249995 0.47802595937500003 0.4366703625 0.49246690156249995 0.44365664374999997 0.4929242453125 0.463961121875 0.4849307890625 0.6724044203124999 0.48226147187499996 0.6739543609374999 0.48453821875 0.6864315109375 0.4839566125 0.6930906109375 0.4797312140625 0.694818878125 0.4248407453125 0.6760559875000001 0.39517840312499997 0.6336160859375 0.3650537375 0.5263763499999999 0.3630055859375 0.473858634375 0.36780262656249996 0.452440459375 0.37976298750000004 0.425508325 0.412338340625 0.4206172890625 0.4219623140625 0.4229620984375 0.45552195624999997 0.42731618281249995 0.47802595937500003
3 0.175426375 0.3167247578125 0.14234065 0.30104103125 0.1282590265625 0.2985654328125 0.03515544375 0.29977333906250003 0.010529554687500001 0.30152699374999997 0.015840645312500002 0.45361675312500005 0.056116259375 0.440519040625 0.077075103125 0.44189106875000006 0.0935477140625 0.438774221875 0.131633534375 0.4463948875 0.144001625 0.44425236874999996 0.14998326875 0.45023753125 0.1666740015625 0.45024251406250004 0.1768377859375 0.436457765625 0.1877104640625 0.4328189546875 0.1932789515625 0.4129844203125 0.18731204375 0.34749067031249997 0.175426375 0.3167247578125
4 1 0.36714446875 0.9993713156249999 0.3644475171875 0.987135375 0.34857490625 0.896477309375 0.344970825 0.8524412874999999 0.3517214984375 0.824122803125 0.3843614734375 0.8323863734374999 0.3831932796875 0.8454864484375 0.37162065625 0.8606272390624999 0.36934888906249996 0.8772089109375001 0.367792959375 0.9012676374999999 0.37371848124999996 0.9107308765625 0.3897203375 0.9084489515625 0.3968736953125 0.8961353921875 0.399796671875 0.9033397953125 0.403375840625 0.9039396296875 0.41196086718749997 0.895543909375 0.431144190625 0.9243846109374999 0.4258848265625 0.9453979828125 0.42803731093749997 0.9527114484375 0.43317739375000003 0.9686932859375 0.42303643593749995 0.9910930109375 0.42512429999999996 1 0.393398278125 1 0.36714446875
4 0.2490517875 0.3751497015625 0.2531877515625 0.3945318765625 0.2615058515625 0.39414414062500003 0.2708285890625 0.38822858125000004 0.294396540625 0.38712999375 0.32111890781249997 0.39136535625 0.3182057046875 0.3695771875 0.3004243640625 0.35396307031249996 0.2726428296875 0.35447507031250003 0.2603838 0.358178503125 0.2490517875 0.3751497015625
2 0.1919073375 0.35354045625 0.1930524765625 0.3699300484375 0.20436139999999997 0.37253489375000004 0.2073753109375 0.35595143125 0.2028890765625 0.351462559375 0.1919073375 0.35354045625
4 0.2403750625 0.3504981984375 0.22284328593749997 0.3583624078125 0.2196112515625 0.371824040625 0.2257564875 0.380150575 0.2452199203125 0.3800263109375 0.267097428125 0.3547335609375 0.2654384265625 0.3508959 0.2403750625 0.3504981984375
4 0.4307958078125 0.348668978125 0.4125320453125 0.365963290625 0.40313168906249996 0.390674434375 0.4036539046875 0.418055046875 0.40814013750000006 0.4225439203125 0.4165127703125 0.42293663906249995 0.44004928125 0.40148155 0.4655950640625 0.3689708203125 0.52083095 0.363264078125 0.5246628171875 0.35838746875 0.5145766515625 0.35337663125 0.4307958078125 0.348668978125
4 0.34301950468750003 0.3464965625 0.34511475156250004 0.3565778796875 0.36096443906250003 0.364452053125 0.37134634218749996 0.35378913125 0.3709100984375 0.3475454765625 0.34301950468750003 0.3464965625
4 0.41359121249999997 0.3612159265625 0.42130947812499997 0.352243165625 0.4152187734375 0.34469708906249996 0.3916508203125 0.3457956765625 0.3836599015625 0.3508661546875 0.38874597187500004 0.363940053125 0.41359121249999997 0.3612159265625
4 0.3208924328125 0.3483109859375 0.30996522187500003 0.35116933906250003 0.30746517500000003 0.35520086875 0.319701115625 0.37107347812499997 0.3490871203125 0.3736186828125 0.3511509265625 0.3633434984375 0.3405739859375 0.35130855 0.3208924328125 0.3483109859375
4 0.6392160171875 0.36557570156249997 0.65938834375 0.375597378125 0.6683608109375 0.3845751234375 0.6795837625 0.366043009375 0.663134240625 0.3495838109375 0.6532116671875 0.34691434375 0.6324164140625 0.3478836875 0.6176028062500001 0.35483819375 0.6136618781250001 0.3581538890625 0.6392160171875 0.36557570156249997
4 0.673165875 0.3538141921875 0.6736566500000001 0.360838303125 0.6933927328125 0.36461632499999996 0.6927383671875 0.35525084375 0.6827067328124999 0.3510204625 0.673165875 0.3538141921875
4 0.7698434078124999 0.28431880781249996 0.7591888499999999 0.29107944375 0.7167573 0.3008873203125 0.7007754609375 0.311028278125 0.6940932765625 0.3348297203125 0.6974741640625 0.3832180421875 0.7035648703125 0.39076411875 0.7453734953125 0.3919472609375 0.74787354375 0.38791573125 0.78035943125 0.39501443125 0.8048229609374999 0.38682710781249996 0.815773259375 0.3643927109375 0.8113646453125 0.3411082515625 0.8164192703125 0.3338256484375 0.8131557968750001 0.3269307828125 0.8197058359374999 0.32114447031250004 0.8169016921875001 0.300917215625 0.8099154125 0.3004598734375 0.8034199046875001 0.30702664375 0.791160875 0.310730075 0.7744156125 0.3099446375 0.7653886156249999 0.300186434375 0.7677250718749999 0.293813534375 0.7773204609375 0.2918002609375 0.7698434078124999 0.28431880781249996
4 0.5325446734375 0.35175607656249996 0.5318126890625 0.36118618125 0.5360807999999999 0.362553225 0.583162175 0.3595755921875 0.5755215296875 0.3497527671875 0.5325446734375 0.35175607656249996
12 0.4447600171875 0.30965111875 0.2628209640625 0.3134339734375 0.262088978125 0.322864078125 0.271957021875 0.3247530890625 0.434487171875 0.321874953125 0.45095978125 0.318758109375 0.450414478125 0.310953540625 0.4447600171875 0.30965111875
4 0.302324575 0.341346515625 0.3028698796875 0.3491510828125 0.3192334296875 0.344473325 0.313306315625 0.33926861875 0.302324575 0.341346515625