4 0.08796440625 0.664421215625 0.073466065625 0.67348346875 0.059022292187500006 0.6918978625000001 0.04983639375 0.720769946875 0.055162475 0.7429178140625 0.0624389265625 0.743062759375 0.0728182671875 0.7405977828125 0.0790194984375 0.7345985953125 0.0902103328125 0.69307573125 0.0931631703125 0.66474741875 0.08796440625 0.664421215625
4 0.1809489328125 0.7467593109374999 0.1924398703125 0.756673228125 0.2111572421875 0.75815929375 0.2402175765625 0.7509456218749999 0.2775250046875 0.7320960875 0.28266010937499997 0.721511459375 0.2825418859375 0.701248484375 0.26576579375 0.6762008046875 0.24385004375000002 0.6609584125 0.18249461875 0.65539466875 0.14924253125 0.65673609375 0.1440892359375 0.66420334375 0.13508976718750001 0.725028578125 0.136255928125 0.7467596140625 0.1726245421875 0.7451463031250001 0.1809489328125 0.7467593109374999
11 0 0.9662250859375 0.0128542328125 0.9735136609374999 0.061648046874999994 0.9637987000000001 0.13539684375 0.9558053796875001 0.30881095625 0.928200878125 0.5414436968749999 0.8962098921875 0.97382584375 0.8471396171875 0.9781609328125 0.698152296875 0.9768212828125 0.6976007703125 0.917579921875 0.6980905296875 0.853107965625 0.692798671875 0.81776455 0.69198331875 0.8001178515625 0.6958620390625 0.791788915625 0.6934696890625001 0.7886405562500001 0.6882861578125 0.7304380375 0.6886852890624999 0.702334696875 0.68178011875 0.5506226234375 0.687997790625 0.4727639234375 0.704147078125 0.46343706874999996 0.7088594609375 0.43328332343750003 0.70681161875 0.4249953125 0.7114333734375 0.3865671953125 0.7163453234375 0.37827918125000004 0.7209670765625 0.29305763906250004 0.7221638625 0.0265432 0.8257279671875001 0.0088828609375 0.8272686546875001 0 0.8329080640625 0 0.9662250859375
7 0.5890189109375 0.677630425 0.5879027671875 0.664472184375 0.5847680468750001 0.661626690625 0.57749614375 0.662261090625 0.574402346875 0.666429703125 0.5765527890625 0.67871796875 0.58178338125 0.6844995859375 0.5890189109375 0.677630425
4 0.62334166875 0.6816537859375 0.6274834015625 0.6789532375 0.6274061015625 0.6657043703125 0.632591225 0.6636925359375 0.6325730375 0.6605751546875 0.6107573234375 0.6624783562500001 0.597302375 0.672229325 0.59944826875 0.6837382453124999 0.62334166875 0.6816537859375
4 0.6555594578124999 0.6811823359375 0.6960698078124999 0.676868475 0.6959970546875 0.6643989515625 0.688675134375 0.6564605546875 0.6668457796875 0.6560257203125001 0.654393296875 0.6594512984375 0.650260659375 0.663710540625 0.64931275625 0.6793880718749999 0.6555594578124999 0.6811823359375
7 0.839398384375 0.658906309375 0.839339271875 0.6487748234375 0.8278074109375 0.6318468 0.82053550625 0.6324812 0.812311153125 0.6480137859374999 0.7990426328125 0.6897179078125 0.8042550390625 0.69238214375 0.814616190625 0.6867997875 0.833329015625 0.6875065078125 0.835379421875 0.6826491796874999 0.8311603859375 0.6721008625 0.839398384375 0.658906309375
7 0.4571767234375 0.7047271625 0.46237094218749997 0.70427401875 0.4685585328125 0.69593679375 0.47056801562499995 0.684065359375 0.464212184375 0.6635668109374999 0.4559105296875 0.66585053125 0.4518142671875 0.6763445328125 0.451941584375 0.698166196875 0.4571767234375 0.7047271625
7 0.49453871562499996 0.6952297703125 0.4933725546875 0.6734987328125001 0.4881374140625 0.6669377703125 0.4767237765625 0.6702727203125 0.477921765625 0.6974591734375 0.482104421875 0.7017727296875 0.4893763265625 0.7011383296875 0.49453871562499996 0.6952297703125
7 0.7105726953125 0.6685855671875001 0.7116615546875 0.6770677359375 0.731413221875 0.6776838281249999 0.7344979234375 0.6719565249999999 0.7281511875 0.6530166687500001 0.7177491125000001 0.65158491875 0.7105726953125 0.6685855671875001
6 0.39572126406249997 0.6820178234375 0.3947324390625 0.69068125 0.40211801875 0.709530478125 0.408332890625 0.705869325 0.41768703125 0.7058330125000001 0.42597049531250003 0.7004319140625 0.4289778984375 0.6814557421874999 0.42059894375000006 0.6704905953125 0.4060642296875 0.6733180859375001 0.39572126406249997 0.6820178234375
2 0.331362984375 0.69620959375 0.331485753125 0.7172519140625 0.34603865625 0.7175418046875001 0.3522398890625 0.711542615625 0.34797993437499997 0.6939801906249999 0.3386167015625 0.6924578125 0.331362984375 0.69620959375
6 0.366583628125 0.6759826265625 0.3667973375 0.7126118499999999 0.3699411515625 0.7170160359375 0.3803295875 0.7161097484375001 0.38634439062500003 0.678157409375 0.3789951859375 0.6655429421875 0.366583628125 0.6759826265625
7 0.5068638796875 0.6699825265625 0.5048953203125001 0.68886806875 0.507000290625 0.69336288125 0.5121990546874999 0.693689084375 0.5172932375 0.6760903468749999 0.5120399078125 0.666412003125 0.5068638796875 0.6699825265625
6 0.6274151953125 0.667263059375 0.6274970421875 0.6812912734375 0.6441185375 0.6798412140625001 0.647098659375 0.6561889734374999 0.6397767375 0.6482505781250001 0.6345916140625001 0.6502624109374999 0.6274151953125 0.667263059375
2 0.8706819125 0.676450428125 0.8705636890624999 0.656187453125 0.8518554109375 0.6562600765625 0.8477091328125 0.6581812828125 0.8540376796875 0.6740037578125 0.8706819125 0.676450428125