11 1 0.8135032203125 0.9981601140624999 0.8125679796874999 0.966998375 0.8091910453125 0.891107240625 0.7899321703125 0.8879919765625001 0.7897507265625 0.8880374281250001 0.7975632265625 0.8828635 0.8003858203125 0.8579459265624999 0.799715521875 0.8454666874999999 0.7958647484375 0.8350233843750001 0.7851036859375 0.76333593125 0.7746804859374999 0.7373435749999999 0.76769970625 0.723848640625 0.7676947015625 0.7124032765625 0.7631231578125 0.6448967828125001 0.7576293828125 0.623067203125 0.7524530281249999 0.60749996875 0.7531083109375001 0.5877245078125 0.74414666875 0.48593191874999997 0.7335320125 0.480753446875 0.7355733578125 0.3612622390625 0.7161180234375 0.34468385625 0.7214003234375 0.3301368640625 0.7189910875 0.32180221875 0.7138197374999999 0.310388671875 0.7147169453125 0.31144072968750003 0.7171211765625001 0.3021222046875 0.7212643453124999 0.304271771875 0.7338853078125 0.253575465625 0.76295298125 0.2410735 0.7551959562499999 0.2224273625 0.7619197953125 0.20578989218750002 0.757045846875 0.1850487296875 0.7605237234375 0.16840671406250002 0.754868525 0.151300028125 0.7585580859375 0.11962816875 0.756713409375 0.113379459375 0.7532255234375 0.08536025625 0.7547175312500001 0.07707561093750001 0.75813993125 0.055255120312499996 0.7545260765624999 0.004481546875 0.7703125 0.005813284375 0.99921875 0.0192268296875 1 1 1 1 0.8135032203125
4 0.6124602734375 0.713566965625 0.595831890625 0.7102555171875 0.59480710625 0.7125387859375001 0.5969748515625 0.7282847484375 0.609549540625 0.748541771875 0.618895334375 0.749086103125 0.6385844390625001 0.7432039953125 0.64487405625 0.7537231328125 0.6749837375000001 0.7546958359375 0.6953833031250001 0.75197905 0.7123714609375 0.7576544078125 0.72170361875 0.7558549890624999 0.728877121875 0.7398721078125 0.7287771281250001 0.7226846078125 0.7224556953125 0.7066967203125001 0.710960334375 0.6935314265625 0.6974381265625 0.6888389218750001 0.6683532328124999 0.6855829499999999 0.6413769968749999 0.6879166890625 0.6290568375000001 0.7114096640625001 0.6124602734375 0.713566965625
4 0.47644522499999997 0.7087689328125 0.48072163124999995 0.7301046078125 0.549271090625 0.7364401140625 0.5480872234375 0.7113796328124999 0.530324971875 0.691601453125 0.4773518359375 0.6861731640625 0.47011924687500006 0.6919997953125 0.4680696734375 0.6965663328125 0.47644522499999997 0.7087689328125
4 0.4516776421875 0.7338798843750001 0.4547701796875 0.7301550781249999 0.46726305625000003 0.7363496015625 0.47452746250000005 0.7359917203124999 0.476586125 0.7329876828125 0.475406803125 0.7087084515625001 0.45450201406249996 0.684061328125 0.4036102671875 0.67953525 0.3871000609375 0.6965363015625 0.3883202890625 0.7278467828124999 0.4111792 0.73152111875 0.42048863281250004 0.72581545 0.446485534375 0.733577478125 0.4516776421875 0.7338798843750001
4 0.3560246796875 0.7080031171875001 0.36952870625 0.709570621875 0.37042622812500003 0.685412353125 0.3630981890625 0.674832734375 0.320504721875 0.6692280078125 0.3059986375 0.6738500203125 0.30084289062499997 0.679797615625 0.3030788140625 0.7072623265625 0.3269443296875 0.70552839375 0.32783730625 0.680588875 0.3444111453125 0.6745253234375 0.355920140625 0.6900343671875 0.3560246796875 0.7080031171875001
6 0.39016532656249997 0.6881239953125 0.3880203078125 0.6762842828125 0.37657494375 0.6717127406250001 0.3714691953125 0.686254084375 0.37057621875 0.711193603125 0.3768294734375 0.715462740625 0.38509139375 0.7081340890625001 0.39016532656249997 0.6881239953125
7 0.35393874687500004 0.7063196546875 0.353820571875 0.6860071546875 0.3412913359375 0.67356263125 0.32990960468749997 0.6799285875 0.3300777765625 0.7088348375 0.3373876328125 0.71628945625 0.3488102703125 0.7169547484375001 0.35393874687500004 0.7063196546875
7 0.22551535625 0.7574137390625 0.23276158125 0.7539308578125 0.2587448484375 0.7593491375 0.2897975015625 0.7439760718749999 0.300190809375 0.746143384375 0.28316245156250003 0.674081934375 0.2757980515625 0.6572523171875 0.2664068046875 0.6488954859375 0.23832397031250002 0.6394499953125 0.2289781765625 0.6389056640625 0.22381333906249998 0.6432907578125 0.2280124765625 0.6513451828125 0.224272403125 0.7221970078125 0.2172034390625 0.756148640625 0.22551535625 0.7574137390625
4 0.21689436718750002 0.703023640625 0.217819159375 0.683552871875 0.21569231875 0.6748381593749999 0.2031994421875 0.668643634375 0.199191203125 0.693401709375 0.2013180421875 0.702116421875 0.20860062968749998 0.704883540625 0.21689436718750002 0.703023640625
6 0.20320398750000002 0.6694248843749999 0.19279704687500002 0.6649138234375 0.17721617812499998 0.66322535625 0.1595948265625 0.667665925 0.1523213296875 0.6664613078125 0.150276303125 0.6718090953125 0.14197347656249998 0.6721064953125 0.1368131828125 0.6772728390625 0.13999208125 0.6883917828125 0.137017715625 0.7124290890625 0.1443503 0.7237899578125 0.1433482390625 0.7299794765625001 0.1340206265625 0.732560146875 0.1299123921875 0.7401307218750001 0.1465998609375 0.7535984203125 0.1580224984375 0.7542637140624999 0.16936786718750002 0.74164775625 0.18605988125 0.7558967046875 0.196444096875 0.7565015171875 0.20261553906250002 0.7467081531249999 0.1910838171875 0.7272928609375 0.1899772171875 0.7155136296875 0.199232109375 0.7004329593749999 0.1980982390625 0.6839662296875 0.20530355781249998 0.673452096875 0.20320398750000002 0.6694248843749999
6 0.7318969375 0.7236473 0.7309494187500001 0.7392118187500001 0.7361824343750001 0.746545475 0.7475868921875 0.74408576875 0.7557079109375 0.7125383671875001 0.7442761828125 0.710310575 0.7318969375 0.7236473
6 0.779773415625 0.745179434375 0.7829159515625 0.750048378125 0.7870696374999999 0.750290303125 0.7942976828125 0.7436824203125 0.79108696875 0.727094728125 0.779623425 0.7193981843749999 0.7713751390625 0.7290705859375 0.77148876875 0.7486018359375 0.779773415625 0.745179434375
6 0.8797209640625001 0.7955168765625 0.8807275703125 0.7901086078125 0.8783461984375001 0.7376438953125 0.88450400625 0.7255067828125 0.8958993718749999 0.7214845750000001 0.8969150671874999 0.71763880625 0.8677119984375 0.694070334375 0.8531786421875 0.6940048484375 0.8449076296875001 0.6997709984375 0.8450848921875 0.7302397484375 0.8567302437500001 0.769186290625 0.8579095656250001 0.793465521875 0.87557636875 0.7968374515625001 0.8797209640625001 0.7955168765625
2 0.943962203125 0.7750479593749999 0.9896300265625 0.77380288125 0.9894436734375001 0.74177163125 0.962412896875 0.7347303703125 0.9551121296874999 0.728838253125 0.9135798109375 0.72720025625 0.9001439625 0.7373515 0.8876829031250001 0.7366257265625 0.8825226125000001 0.7417920703124999 0.8836610265625 0.7590400515625 0.889923371875 0.7648716890625 0.9200239640625 0.7642818921875 0.9272565531250001 0.7584552609374999 0.943962203125 0.7750479593749999