11 0 0.87109375 0.115277778125 0.88125 0.125 0.8953125 0.13194444375 0.896875 0.3875 0.915625 0.9958333328125001 0.9078125 0.99444444375 0.8765625 0.9375 0.87421875 0.9375 0.85390625 0.9958333328125001 0.853125 0.99444444375 0.65703125 0.9111111109375001 0.60859375 0.7 0.49765625 0.684722221875 0.48515625 0.6736111109375 0.5 0.665277778125 0.5015625 0.65 0.4984375 0.559722221875 0.5 0.5166666671875 0.496875 0.425 0.50078125 0.4125 0.49765625 0.40416666718750005 0.48046875 0.40277777812500004 0.43125 0.39027777812500003 0.428125 0.375 0.415625 0.384722221875 0.39609375 0.372222221875 0.3890625 0.372222221875 0.37734375 0.365277778125 0.37421875 0.3333333328125 0.3765625 0.3263888890625 0.3859375 0.309722221875 0.39609375 0.2875 0.39140625 0.2375 0.3921875 0.21111111093749999 0.38046875 0.2 0.3859375 0.20138888906250002 0.391796875 0.19305555624999998 0.39609375 0.184722221875 0.421875 0.1361111109375 0.446875 0.0986111109375 0.44453125 0.0861111109375 0.44765625 0.08333333281250001 0.4453125 0.0125 0.44375 0 0.4484375 0 0.87109375
4 0.447222221875 0.48828125 0.6555555562500001 0.4953125 0.6569444437499999 0.49765625 0.66944444375 0.49765625 0.6763888890625 0.49375 0.68194444375 0.4390625 0.665277778125 0.40859375 0.625 0.3765625 0.51805555625 0.36953125 0.46527777812500004 0.371875 0.44305555625000004 0.3828125 0.4138888890625 0.4140625 0.40833333281249995 0.4234375 0.40833333281249995 0.45703125 0.41111111093749997 0.4796875 0.41944444374999995 0.49453125 0.4263888890625 0.4953125 0.447222221875 0.48828125
3 0 0.43671875 0.04305555625 0.425 0.0638888890625 0.42734375 0.08055555625000001 0.425 0.11805555625 0.434375 0.13055555624999998 0.4328125 0.1361111109375 0.4390625 0.15277777812499999 0.43984375 0.16388888906250001 0.4265625 0.175 0.4234375 0.18194444375000002 0.40390625 0.18055555625 0.33828125 0.1708333328125 0.30703125 0.13888888906250002 0.28984375 0.125 0.28671875 0.03194444375 0.28359375 0 0.284375 0 0.43671875
4 0.8916666671875 0.39765625 0.9 0.4140625 0.897222221875 0.42109375 0.8847222218749999 0.4234375 0.8916666671875 0.42734375 0.8916666671875 0.4359375 0.8819444437499999 0.4546875 0.9111111109375001 0.45078125 0.93194444375 0.45390625 0.9388888890624999 0.459375 0.95555555625 0.45 0.977777778125 0.453125 0.9930555562500001 0.41015625 0.9902777781250001 0.39296875 0.9791666671874999 0.3765625 0.8888888890625 0.36875 0.8444444437499999 0.3734375 0.8138888890624999 0.4046875 0.8222222218749999 0.40390625 0.8361111109375001 0.39296875 0.8513888890624999 0.39140625 0.8680555562500001 0.390625 0.8916666671875 0.39765625
4 0.309722221875 0.36640625 0.29305555625 0.35 0.26527777812500003 0.34921875 0.252777778125 0.35234375 0.240277778125 0.36875 0.24305555625 0.38828125 0.2513888890625 0.38828125 0.2611111109375 0.3828125 0.28472222187499996 0.3828125 0.3111111109375 0.38828125 0.309722221875 0.36640625
2 0.184722221875 0.3609375 0.19583333281249998 0.3640625 0.2 0.34765625 0.19583333281249998 0.34296875 0.184722221875 0.34453125 0.184722221875 0.3609375
4 0.23333333281250002 0.34375 0.215277778125 0.35078125 0.21111111093749999 0.3640625 0.2166666671875 0.37265625 0.23611111093749998 0.3734375 0.259722221875 0.34921875 0.25833333281250004 0.3453125 0.23333333281250002 0.34375
4 0.5125 0.36953125 0.5166666671875 0.36484375 0.5069444437499999 0.359375 0.4236111109375 0.35078125 0.40416666718750005 0.3671875 0.39305555625 0.39140625 0.3916666671875 0.41875 0.3958333328125 0.4234375 0.40416666718750005 0.42421875 0.4291666671875 0.40390625 0.45694444375 0.37265625 0.5125 0.36953125
4 0.3375 0.3546875 0.352777778125 0.36328125 0.3638888890625 0.353125 0.3638888890625 0.346875 0.3361111109375 0.34453125 0.3375 0.3546875
4 0.3763888890625 0.35078125 0.38055555625 0.3640625 0.40555555625000006 0.3625 0.4138888890625 0.35390625 0.40833333281249995 0.34609375 0.384722221875 0.34609375 0.3763888890625 0.35078125
4 0.3138888890625 0.3453125 0.302777778125 0.34765625 0.3 0.3515625 0.3111111109375 0.36796875 0.34027777812500004 0.371875 0.34305555625 0.36171875 0.3333333328125 0.34921875 0.3138888890625 0.3453125
4 0.6555555562500001 0.3625 0.6458333328125 0.359375 0.625 0.359375 0.609722221875 0.365625 0.60555555625 0.36875 0.63055555625 0.37734375 0.65 0.38828125 0.6583333328125 0.39765625 0.6708333328125 0.3796875 0.6555555562500001 0.3625
4 0.665277778125 0.37421875 0.684722221875 0.37890625 0.684722221875 0.36953125 0.675 0.36484375 0.665277778125 0.3671875 0.665277778125 0.37421875
4 0.79444444375 0.40625 0.80694444375 0.384375 0.8041666671875 0.3609375 0.809722221875 0.35390625 0.80694444375 0.346875 0.8138888890624999 0.34140625 0.8125 0.32109375 0.8055555562500001 0.3203125 0.7986111109375 0.3265625 0.7861111109375 0.3296875 0.76944444375 0.328125 0.7611111109375 0.31796875 0.7638888890625 0.31171875 0.7736111109375 0.31015625 0.7666666671875 0.30234375 0.75555555625 0.30859375 0.7125 0.31640625 0.6958333328124999 0.32578125 0.6875 0.34921875 0.6875 0.39765625 0.69305555625 0.40546875 0.734722221875 0.40859375 0.7375 0.4046875 0.76944444375 0.41328125 0.79444444375 0.40625
4 0.5236111109375 0.36796875 0.527777778125 0.36953125 0.575 0.36875 0.56805555625 0.35859375 0.525 0.35859375 0.5236111109375 0.36796875
12 0.440277778125 0.3125 0.25833333281250004 0.3078125 0.25694444375000003 0.3171875 0.2666666671875 0.31953125 0.4291666671875 0.32421875 0.4458333328125 0.321875 0.4458333328125 0.3140625 0.440277778125 0.3125
4 0.3125 0.34140625 0.30694444375 0.3359375 0.2958333328125 0.3375 0.2958333328125 0.3453125 0.3125 0.34140625