4 0.2793117546875 0.28301219375 0.22659058437500001 0.37064923437499997 0.2020405984375 0.398690059375 0.2030088078125 0.45401226875 0.1950709421875 0.4773845609375 0.18649420781249998 0.5437414 0.1871781078125 0.6623069984375001 0.1930336734375 0.678931828125 0.20844781874999999 0.6853012140625 0.22376650781250002 0.6862162984375 0.28201801875 0.67610991875 0.297009425 0.6583245375 0.3053427578125 0.6575486421875001 0.3078750734375 0.6432646609375 0.3828478 0.6347232359375 0.38969678750000003 0.6286223546875 0.4160993125 0.6269445390625 0.43145891093750005 0.63019718125 0.4427745734375 0.640850446875 0.4663720484375 0.6378728921875 0.475957903125 0.6291758203125 0.9718048734375 0.5837892625000001 0.9817998296875 0.5984677734375 0.9885044046875 0.600338853125 0.9914248078125001 0.43302910624999996 0.9883814718749999 0.259137178125 0.9713466125 0.23965094531250003 0.9094309328125 0.19936886250000002 0.875893046875 0.1907846515625 0.8438804187500001 0.189862984375 0.7451874875 0.194369290625 0.5715627390625 0.2097545796875 0.56465920625 0.2127387171875 0.42717284375000003 0.2263201703125 0.3314758765625 0.24303482031249998 0.298415278125 0.261722121875 0.2793117546875 0.28301219375
4 0.2362051390625 0.254164475 0.236300596875 0.259618778125 0.22388241718750002 0.2654577359375 0.21881778437500002 0.294025696875 0.222250128125 0.331167996875 0.23227235937500001 0.3474048796875 0.23646630000000002 0.34857530468750003 0.2433425578125 0.34403279531250003 0.267510715625 0.29417475937500004 0.30987079687499997 0.25042748125 0.32365059218750003 0.242900834375 0.42075008281250004 0.226836053125 0.576251090625 0.2092359375 0.5775308859375 0.202873134375 0.562103103125 0.1957245609375 0.5379601578125001 0.1675346734375 0.5183384359375001 0.1592156765625 0.4279788375 0.1629460875 0.3044359109375 0.178351125 0.283657125 0.18340760625000002 0.264444503125 0.198464190625 0.24143341093749998 0.234946746875 0.23179301093750002 0.24052707343750002 0.2206818984375 0.2415616 0.2362051390625 0.254164475
4 0 0.276337075 0.0148364828125 0.2740771984375 0.0426960828125 0.2761659984375 0.0636657828125 0.282018121875 0.076152146875 0.28007509375 0.09264153593749999 0.268393884375 0.09197333437500001 0.23021376718750003 0.08636323125 0.22761428593750002 0.07903695625 0.20644365625 0.0466288609375 0.18292559218749999 0 0.186657871875 0 0.276337075
4 0.19579908125 0.20103542968750002 0.19799047812499998 0.167271796875 0.1894662296875 0.1571390875 0.171219759375 0.1479115875 0.11157935625 0.158147284375 0.0924485578125 0.177878984375 0.0957581703125 0.20800861093749998 0.10968796875 0.209053009375 0.12996288281249999 0.2017020765625 0.16513443125 0.1976468890625 0.19579908125 0.20103542968750002
4 0.340868475 0.1568793671875 0.357439684375 0.149873275 0.3559689734375 0.14532747343750002 0.346083109375 0.136882453125 0.2850674578125 0.1480266515625 0.2699533203125 0.15879935625 0.25771241875 0.17476773437499998 0.2594558640625 0.19489725468750002 0.2664003078125 0.1942506765625 0.28283515000000004 0.179452725 0.29779928125 0.160108971875 0.340868475 0.1568793671875
4 0.263663721875 0.1837903515625 0.26527080000000003 0.1961280109375 0.287233921875 0.1792544234375 0.288540990625 0.174449990625 0.263663721875 0.1837903515625
4 0.23524501562500003 0.149754921875 0.22847784999999998 0.1605309203125 0.23020765625 0.17988125625 0.2579581609375 0.1757365671875 0.2756591609375 0.1537966234375 0.2754955203125 0.144446390625 0.2518434984375 0.14430720156250001 0.23524501562500003 0.149754921875
4 0.4329308875 0.15788440312500002 0.43007128906250003 0.15346791875000002 0.40631017343750003 0.1470952390625 0.3687828984375 0.1490283953125 0.3105313875 0.1591347765625 0.2953627046875 0.1667907375 0.2995566453125 0.16796116249999998 0.2983041234375 0.1758823390625 0.310831396875 0.17627686874999998 0.4260546265625 0.16242691250000002 0.4329308875 0.15788440312500002
6 0.701882384375 0.11710557343750001 0.6820964609375 0.105994721875 0.67007755 0.10633516093749999 0.6680222484375 0.11793438281249999 0.66572775625 0.1373723625 0.653047453125 0.1440456671875 0.66041230625 0.1562466078125 0.672300440625 0.14732322343749998 0.6947729703125 0.141005734375 0.699161159375 0.15517386718749998 0.7091409296875 0.14473813124999999 0.701882384375 0.11710557343750001
6 0.5092243187500001 0.1453177296875 0.49224400625 0.12894824062500002 0.4824945109375 0.1282950796875 0.4784505765625 0.1356957015625 0.46193391406249995 0.1458185375 0.4579308875 0.15555671875 0.46911018125000004 0.15841812187499998 0.5010819015625 0.15700223124999999 0.510708665625 0.1506427171875 0.5092243187500001 0.1453177296875
6 0.600803696875 0.1125077171875 0.5840035046875001 0.1130817515625 0.5811449625 0.12179816406249999 0.5768608687500001 0.135083696875 0.5816063687499999 0.148162278125 0.5950049828124999 0.1395207890625 0.6059134671875 0.1391388984375 0.605324346875 0.14848904062499999 0.6149726171875 0.140619240625 0.61700208125 0.1275436375 0.600803696875 0.1125077171875