11 0 0.999492109375 0.45724478125 0.991510871875 0.9714248953125001 0.9646075953125001 0.974193596875 0.86945349375 0.9620207187500001 0.8675326374999999 0.9526029218750001 0.8563173609374999 0.956712825 0.8482969593749999 0.9629276984375 0.8448496359375 0.97488645 0.8456416609374999 0.9759525359375001 0.8090026531250001 0.9606317546875 0.8075040343750001 0.95125488125 0.803311440625 0.9471176937499999 0.806650053125 0.9356722281250001 0.8041267671875 0.9128176703124999 0.8053225765625 0.9075916234375001 0.8001322671875 0.888901534375 0.802671253125 0.8649308343750001 0.7906563515625 0.8160688140625 0.7869686546875 0.799401846875 0.7800353546875 0.7983220796875 0.773067025 0.78684933125 0.76586195 0.7536017937499999 0.7668210140625 0.7431769796875 0.761122178125 0.7348707812499999 0.7623373171875001 0.7264963734375 0.7518479828125 0.7161215796875 0.754732428125 0.7129868609375001 0.7517743015625 0.691162053125 0.7513551609375 0.6724083046875 0.7429699734375 0.6754202546875 0.7248600515625 0.681635128125 0.721412728125 0.6816032984375 0.7159506421875 0.6722218765625 0.7109777484375 0.6504425406250001 0.718361590625 0.5621362953125 0.7222014734375 0.5475561109375 0.7167200593749999 0.5330259421875 0.719821925 0.5226147703125 0.716463984375 0.516336240625 0.7089871328124999 0.4664672046875 0.710815878125 0.449863896875 0.7148067515625 0.43937542812499997 0.69818374375 0.41650722812499996 0.697038659375 0.3770857390625 0.7084677296875 0.325120828125 0.7072839937500001 0.30747867812499996 0.711329221875 0.2774204234375 0.7246099921875 0.25040594375 0.7252429234375 0.24311130312499998 0.7217219187499999 0.2327319625 0.7238260671875001 0.2275150109375 0.7201963515625 0.214023684375 0.7232438609375 0.2077769828125 0.7212290968749999 0.16216335625 0.74000698125 0.1496972328125 0.7406592421875 0.1372993171875 0.7530159765625 0.1301410890625 0.7729039156249999 0.1145811703125 0.7776207328125 0.1062476890625 0.7741540812500001 0.1020150125 0.7611064328125 0.09472946875 0.759146025 0.0180005546875 0.7881378406249999 0 0.7872153234375 0 0.999492109375
4 0.8097720953125 0.7763706109374999 0.8253774828125 0.779456775 0.8419489625000001 0.7700038140625 0.84292869375 0.7598055828125 0.8573724671875 0.7418780515625001 0.8978418937500001 0.7319552234375 0.978563675 0.7192636265625 0.9825469890624999 0.582366 0.8897424296875001 0.5903214421875 0.8201944796875 0.603326809375 0.7849329125 0.6153187578125 0.7735601984375 0.625280240625 0.7519991187499999 0.6701183953125 0.7365255937499999 0.689660878125 0.739883115625 0.7308536140624999 0.751460446875 0.75600555 0.7639493046875 0.7592547796875 0.773267065625 0.753303496875 0.7950873281249999 0.7529423390625001 0.8097720953125 0.7763706109374999
4 0 0.773606275 0.0085645671875 0.7738013718750001 0.0200418640625 0.7817867453125 0.02836170625 0.7829125015625 0.037684015625 0.7777415171875 0.0490385421875 0.764658840625 0.06462574374999999 0.7646238109375 0.0709042734375 0.7721006625 0.082331553125 0.7715027578125 0.086464190625 0.7673838468749999 0.09357695 0.7396929250000001 0.08810991093750001 0.6931468109375001 0.0796900328125 0.6748544937500001 0.0713520046875 0.670607546875 0 0.6703710203125001 0 0.773606275
4 0.6005416765625 0.7147282484375 0.620762746875 0.7074259406250001 0.64209086875 0.7117737484375 0.6493400375 0.7074917734375 0.6512995015625 0.687095309375 0.6439321109375 0.6710895328125 0.6437274937499999 0.635976115625 0.641599790625 0.627501546875 0.631184071875 0.6233633078125 0.595867940625 0.625991678125 0.5730361171875 0.63108898125 0.5660597703125 0.682188846875 0.5683284328125 0.714852659375 0.5725292765625001 0.7224382203124999 0.5839156328125 0.7148176312500001 0.6005416765625 0.7147282484375
6 0.55133408125 0.651737890625 0.54618988125 0.660592946875 0.5484949171875 0.69949914375 0.555839575 0.7116034296875 0.56513005625 0.7009703578125001 0.564916346875 0.66429634375 0.5586105328125 0.6521377046875 0.55133408125 0.651737890625
6 0.5388497703125 0.649268959375 0.535715053125 0.6463108328125 0.526365459375 0.6468000265625 0.5140675765625 0.6763233203125 0.5141403296875 0.688808090625 0.524674271875 0.71323408125 0.545432953125 0.7090257875 0.5472878359375 0.67068246875 0.5388497703125 0.649268959375
4 0.51213994375 0.7021818703125 0.5109965171875 0.684289365625 0.506722921875 0.6642190343750001 0.499387359375 0.6536753453124999 0.457838165625 0.656629846875 0.4485977015625 0.6758461984374999 0.44878867656250004 0.708618721875 0.4622981890625 0.7086924031249999 0.4768147171875 0.70324964375 0.5059205234374999 0.70484889375 0.51213994375 0.7021818703125
4 0.399826621875 0.6877644640625 0.38939726406249997 0.68128533125 0.34983026875 0.6677448609375001 0.320706275 0.66302441875 0.3155211515625 0.6648567890625 0.31259105 0.6970120796875 0.3157439546875 0.7030914 0.38744689375 0.703242390625 0.3998811859375 0.6971280421875 0.399826621875 0.6877644640625
6 0.1350261078125 0.7195718656250001 0.14531450937499998 0.7018617546875 0.14099544375 0.6739884390624999 0.1252991140625 0.6552963125 0.1128375390625 0.6567288718750001 0.0912673640625 0.700006428125 0.1061612953125 0.7593284171875 0.1124625625 0.770706759375 0.1176704203125 0.772775878125 0.127001821875 0.7691654890625 0.13619226874999998 0.7413658578125 0.1350261078125 0.7195718656250001
6 0.2718806296875 0.6655791062499999 0.261574040625 0.6801680218749999 0.2585302625 0.692815859375 0.2638745328125 0.7182939234375 0.2587075984375 0.7232474875 0.27431298593750003 0.726333653125 0.28248732187500003 0.7024898671875001 0.281298428125 0.6767943828125 0.2718806296875 0.6655791062499999
4 0.428950615625 0.692484909375 0.44246012968750004 0.692558590625 0.44556301718749997 0.6900546296875001 0.4495728875 0.6648676703125 0.4381410609375 0.664685278125 0.4319261890625 0.6681326000000001 0.428950615625 0.692484909375