11 1 0.6881633640625 0.9162310546875 0.6402934140625 0.6996032453125001 0.52793951875 0.6836922046875 0.5153295140624999 0.6733731828125 0.53013341875 0.6651330453125001 0.5316499765625 0.6497126546875001 0.5284307015625 0.5596403750000001 0.5294697203125 0.5164802765625 0.5260885671875 0.425143671875 0.529467175 0.412497253125 0.5262640875 0.4032758171875 0.5089991875 0.3993129203125 0.45968976718750004 0.38666650156250004 0.4564866796875 0.3707554625 0.443876675 0.37944217343750003 0.4243693125 0.36659131718750004 0.4172534203125 0.36597800468749997 0.4055150109375 0.358879528125 0.40234429687500006 0.3271015234375 0.40450582031250004 0.320657246875 0.4138560796875 0.3045449578125 0.42393224218750003 0.282107865625 0.4191073765625 0.2322172765625 0.4195985578125 0.205251240625 0.40770636250000003 0.1944415703125 0.41311953749999997 0.1961352109375 0.41899683593750003 0.1880381796875 0.4232523578125 0.181065553125 0.4490282984375 0.1338294609375 0.4737869578125 0.09625819062499999 0.471220740625 0.0839388703125 0.4742781390625 0.0810422375 0.47191426875 0.0102242046875 0.469936359375 0 0.4737983734375 0 0.5130929703125 0.020106778125 0.89792424375 0.135758109375 0.908769325 0.1462029828125 0.9229120765625 0.153219684375 0.924517665625 0.409406309375 0.944788396875 1 0.940624225 1 0.9085638312500001 0.9564855171875 0.906517853125 0.9554224437500001 0.8861712734375 1 0.885832328125 1 0.6881633640625
4 0.4044519875 0.451896534375 0.4062101484375 0.48554664687500004 0.41016985625 0.5082570953125 0.4192686296875 0.5231743140625 0.4262444453125 0.52399734375 0.446681240625 0.51707570625 0.6550970484375 0.5253328328125 0.6566066937499999 0.527688609375 0.6690895640625001 0.5277614546875 0.6758200546875 0.5238891203125 0.6785058734375 0.46914224375 0.6602674375 0.438525246875 0.618368471875 0.406205534375 0.5112026046875 0.398539259375 0.45861981875 0.40057937343749994 0.43700047656249996 0.41140572343750004 0.4095092796875 0.44253818125000005 0.4044519875 0.451896534375
3 0 0.46210854375 0.0397565859375 0.4513329671875 0.060684029687499995 0.4538020578125 0.07720519375 0.45155150156249996 0.11514445 0.46116076406250006 0.1275455453125 0.4596684890625 0.1334205859375 0.46596135 0.1501053 0.4668410359375 0.16050609531249999 0.45360225625000006 0.1714384296875 0.4505367640625 0.1773511703125 0.4310132140625 0.17252963906250002 0.36527001875 0.161185240625 0.33391093125000004 0.1283850515625 0.3165084359375 0.11435164687499999 0.313297253125 0.0212600703125 0.3096247203125 0 0.3100227 0 0.46210854375
4 0.9876777828125001 0.4420005234375 0.9840042859375 0.424768 0.972049765625 0.408269471875 0.8814868359375 0.3999177625 0.837348625 0.4043541234375 0.8084704437499999 0.4354784875 0.81675146875 0.434744490625 0.8300489000000001 0.42386957968749994 0.845223965625 0.42239349062500003 0.861826903125 0.42170805624999996 0.88577364375 0.4288886984375 0.8949541921874999 0.4453710375 0.8925482078125 0.45239789531249996 0.8801880015625001 0.4546727328125 0.8873273671874999 0.4586260078125 0.8877771296875 0.46723417500000003 0.8790495296874999 0.4859589765625 0.9079717875 0.48221614375 0.9289401187499999 0.48546779375 0.9361612593749999 0.49098618906249997 0.9523144359375 0.4816925875 0.9746697515625 0.48495233281249994 0.9876777828125001 0.4420005234375
4 0.2577081765625 0.3767195953125 0.24538885625 0.3797769921875 0.2337646234375 0.3961379234375 0.2375607828125 0.4157181296875 0.24588269375 0.4157666921875 0.2553053796875 0.41034542500000004 0.2788841328125 0.410483021875 0.30552306875 0.41611472968749996 0.302991234375 0.39419493437500003 0.2854887734375 0.3776640328125 0.2577081765625 0.3767195953125
2 0.192438084375 0.3747740609375 0.1880318015625 0.3700544140625 0.17701769375 0.371554784375 0.1778763296875 0.3879885609375 0.1891357640625 0.3911835546875 0.192438084375 0.3747740609375
4 0.2521602328125 0.37668721875 0.2505688109375 0.37276632187500003 0.225521296875 0.3710555109375 0.20785847343750002 0.3779933375 0.20439260468749998 0.3912725875 0.210390309375 0.39991313125 0.2298489921875 0.40080900625 0.2521602328125 0.37668721875
4 0.50957029375 0.3938358015625 0.4995751828125 0.38830121875 0.41590629375 0.3792074171875 0.397347134375 0.39552787968750003 0.3875187625 0.41972251250000003 0.3875628375 0.4471040421875 0.3919691171875 0.45182369062500005 0.40033191874999996 0.45265481406249997 0.4242345828125 0.4324539234375 0.45033879218750006 0.401313371875 0.5056546625 0.3985068828125 0.50957029375 0.3938358015625
4 0.35638858125 0.3812070640625 0.35606148125 0.374946578125 0.32819910937499996 0.37243701875 0.33011763125 0.3826184015625 0.345824234375 0.3913156015625 0.35638858125 0.3812070640625
4 0.3687487875 0.37893222656250003 0.37360483125 0.392260040625 0.3984887953125 0.390840609375 0.4063609453125 0.382281003125 0.40040412812500004 0.37442302031249997 0.376825375 0.37428542343750004 0.3687487875 0.37893222656250003
4 0.3360335609375 0.3896938234375 0.3256704625 0.37711619375 0.3060482296875 0.3730900765625 0.2950750078125 0.3753730078125 0.292505475 0.37926962343750004 0.3044599953125 0.39576815 0.333791128125 0.399850925 0.3360335609375 0.3896938234375
4 0.6025392078125 0.3951606515625 0.5985418015625 0.3982666125 0.6239573015625 0.407020471875 0.643947521875 0.41808963437499996 0.652760084375 0.427528928125 0.6643025421875 0.40960287500000003 0.648146178125 0.39229750625 0.6382737296875 0.38911060625 0.6174689484375 0.388989196875 0.6025392078125 0.3951606515625
4 0.6776408593750001 0.399510525 0.6676866375 0.394758503125 0.6581004015625 0.3970495265625 0.6584683890624999 0.40409257343749994 0.678131509375 0.408901253125 0.6776408593750001 0.399510525
4 0.753673359375 0.34206238125 0.7633004828125001 0.34055391562500004 0.75595668125 0.3326878390625 0.745187896875 0.338883575 0.702600221875 0.346458271875 0.6864470453125 0.3557518734375 0.67935175625 0.3791801328125 0.6818867796875 0.42769890000000005 0.687843596875 0.43555688281249993 0.729616709375 0.43892994218750003 0.73218624375 0.435033325 0.7645366703125 0.44382765312499994 0.7891344218749999 0.43693029687499996 0.8004724421875 0.41509144062500003 0.7964718484375 0.3915984296875 0.8016518015624999 0.3845877578125 0.79850984375 0.3775285234375 0.8051585593749999 0.3720910671875 0.8027084999999999 0.3517363953125 0.7957326859375 0.3509133640625 0.7891248578125001 0.35713338125 0.7768055375 0.3601907796875 0.7600799375 0.35852853125 0.7512264875 0.348306678125 0.753673359375 0.34206238125
4 0.5680281203125 0.398088546875 0.5605616578125 0.38787478750000004 0.5175651078125 0.387623878125 0.5166687703124999 0.3970065140625 0.520911503125 0.3985959171875 0.5680281203125 0.398088546875
12 0.43658522343749995 0.350382171875 0.43617635000000005 0.342556565625 0.4305466328125 0.3409590671875 0.2486062125 0.3352034046875 0.24770987656250001 0.344586040625 0.25754143749999997 0.34699038125000004 0.4200640625 0.352632728125 0.43658522343749995 0.350382171875
4 0.30445680625 0.369169178125 0.2986226515625 0.363658878125 0.28760854375 0.36515924843750003 0.28801741718749996 0.37298485625 0.30445680625 0.369169178125