11 0 0.732052459375 0.0493374921875 0.7451944 0.1949781328125 0.776483140625 0.24251909062500002 0.7930517359375 0.3328836703125 0.8161456890625001 0.3926727890625 0.8367090312500001 0.41467426874999996 0.8412271140625001 0.4358586625 0.8550464671875 0.43510966875 0.8635726296874999 0.5878263031250001 0.9099262265625001 0.69887685 0.9365776671875 0.9493309234374999 0.9858393296875001 0.9592204203125 0.98481245625 0.9930368625 0.631735221875 0.9881152625 0.6240173015625 0.9602852109375 0.606170065625 0.9526644921875 0.59730605625 0.7899248828125 0.5056916171875 0.7707587015625 0.5007694125000001 0.7670164328125 0.49556230156250003 0.7023057125000001 0.467281040625 0.6071557109375 0.4349189546875 0.5100092921875 0.4093473296875 0.4692501734375 0.39525640625 0.4649631828125 0.39625014062499997 0.4543709859375 0.389340465625 0.40601294374999997 0.3820731375 0.395987265625 0.384650221875 0.38230920468749996 0.3969326984375 0.3657740515625 0.39393168749999996 0.360648178125 0.38853908593750003 0.344249203125 0.38398786406249996 0.322043453125 0.3817950984375 0.301561759375 0.37591229375 0.0961728859375 0.4032733515625 0.07453365468749999 0.410567346875 0.062081221875 0.40889791875 0.012633732812500001 0.414032284375 0.0079381984375 0.4196766546875 0 0.5015312609375 0 0.732052459375
2 0.2611889390625 0.4202294125 0.273184121875 0.41491782656250004 0.2766671578125 0.40339060625 0.26770160625 0.39296236093750003 0.26113765624999996 0.38331739531250003 0.23688133281249998 0.3782202296875 0.2158533140625 0.3832434640625 0.21981539843750003 0.3943848671875 0.2194677390625 0.407716371875 0.227819671875 0.41575578125 0.22970058125 0.42246634531250005 0.242882946875 0.42238837343749996 0.2611889390625 0.4202294125
6 0.2865463890625 0.37154656406250003 0.269286740625 0.3449213984375 0.2529558578125 0.3395950703125 0.24508457187500002 0.349519090625 0.2292521171875 0.35445463125 0.227005134375 0.3800331203125 0.239866109375 0.3770519140625 0.2602797140625 0.383709821875 0.2688754921875 0.3974099578125 0.27565733125 0.39988763125000004 0.2787431953125 0.3806954796875 0.28606975625 0.3769723046875 0.2865463890625 0.37154656406250003
11 0.4067619390625 0.373546975 0.4311901734375 0.382311571875 0.4464098140625 0.384351984375 0.4515819828125 0.37328187343749997 0.42286675625000003 0.3655110125 0.40453945625000004 0.3669751453125 0.4067619390625 0.373546975
2 0.499599571875 0.384424728125 0.5038184734375 0.38420609843750003 0.50499780625 0.386716909375 0.5115681078125001 0.38629069375 0.5133602546875 0.38182555156250003 0.5178969109375 0.3779897640625 0.5182827578125 0.3735974984375 0.50896794375 0.37339435625 0.5048171328125 0.37283788125 0.4967724390625 0.3741120765625 0.49631850312500003 0.37927944999999996 0.49600074687499995 0.3828966109375 0.4971573828125 0.3856657859375 0.499599571875 0.384424728125
11 0.6113310234375 0.40332511093749995 0.520217446875 0.388757321875 0.5126866140625 0.3948058125 0.5232107203125 0.4024905953125 0.60375389375 0.42583631562499996 0.617658021875 0.4269161296875 0.618951740625 0.412189121875 0.6113310234375 0.40332511093749995
2 0.623987728125 0.402669221875 0.624281884375 0.41525640625 0.628160334375 0.4189133046875 0.6420644609374999 0.41999312031249997 0.646487634375 0.4174491734375 0.6482797812500001 0.4129840296875 0.6497314750000001 0.41239441718750003 0.650071928125 0.4085188875 0.651523621875 0.407929275 0.6522045265624999 0.4001782171875 0.6484622578125 0.3949711078125 0.6392536640625 0.388246921875 0.635102853125 0.38769044531249996 0.6350347625 0.3884655515625 0.626324596875 0.392003234375 0.623148846875 0.39628288437500003 0.6226722140625001 0.40170862500000004 0.623987728125 0.402669221875
2 0.6472284640625 0.419639784375 0.647750490625 0.41369730625 0.650744665625 0.41148460625 0.654865515625 0.40707024531249997 0.65011005625 0.40277295 0.6413699296875001 0.401339796875 0.6398274484375001 0.4029628859375 0.62698916875 0.40568572343750003 0.62543125625 0.412796384375 0.6263382265625 0.41840761562499995 0.634526365625 0.42081240937500003 0.6428279875 0.42192536093750005 0.6472284640625 0.419639784375
11 0.8574954 0.5014184375 0.870514353125 0.5125746265625 0.9022010578125 0.518391153125 0.8993684640625 0.47095734843750003 0.8776393453125 0.4633388421875 0.8652767984375 0.4765819140625 0.8391925984374999 0.47073225 0.830733 0.4554819015625 0.8266257781249999 0.48630063906250004 0.8574954 0.5014184375
2 0.8498598859375001 0.46768101562500003 0.8567779046874999 0.4686084734375 0.8611357156249999 0.475914709375 0.869431109375 0.47254548906249993 0.8713434812499999 0.4621586921875 0.87197575 0.45496127968750005 0.8793314921875 0.4509059171875 0.8517080546875 0.4466424296875 0.8528091828125 0.45687306406249995 0.8418407390624999 0.45652291875 0.8393778015625 0.46179440312500003 0.8410139265625001 0.4659349203125 0.8454690093749999 0.47213385937499996 0.8498598859375001 0.46768101562500003
13 1 0.0884101625 0.521830471875 0.0243046453125 0.04342265 0.0020224421875 0.037037309375 0.056556181250000004 0.054547526562500004 0.06439331875 0.0592648546875 0.0744365546875 0.055225725 0.10448018750000002 0.07121615625 0.1136820421875 0.0753424671875 0.1463888375 0.0823966671875 0.1457660875 0.0899955890625 0.138942490625 0.0982972140625 0.1400554421875 0.10759839687499999 0.1138542015625 0.124043665625 0.10194270937500001 0.14216669375 0.1028038953125 0.144661540625 0.106275303125 0.1596769109375 0.11064103125 0.1741257625 0.10551999999999999 0.17952399531250002 0.10781217812499999 0.3614052859375 0.2364991421875 0.3581614453125 0.2415538984375 0.32794823125 0.2508353640625 0.3240915765625 0.262866071875 0.33883458437499997 0.270332225 0.4299263640625 0.2692124078125 0.49516001249999997 0.275605215625 0.5282984109375 0.2808321296875 0.5636592968749999 0.2926308734375 0.588768434375 0.29364441406249997 0.600019740625 0.2771154265625 0.6188917640625 0.26945044687499997 0.6400543640625 0.26758219375 0.6659342921875 0.27575717499999997 0.6777739125 0.28440255468750003 0.6781361578125 0.2962146328125 0.683466303125 0.2992819203125 0.6907928640625001 0.29555874531250004 0.6904306171875 0.2837466671875 0.7144966046875 0.2806991859375 0.7199411328124999 0.2665286515625 0.7288555703124999 0.260665653125 0.744347571875 0.25960564218750004 0.77583000625 0.2677474875 0.8093987437499999 0.284011375 0.8348483343750001 0.28114938437500003 0.8685532515625001 0.295863059375 0.910453521875 0.1854137265625 0.9087076703125 0.17341615625 0.8998395296874999 0.16281644374999998 0.9181668296875 0.1613523109375 0.9275796953125001 0.165751178125 0.94341215 0.1608156375 0.982833959375 0.1582583578125 1 0.15977394375 1 0.0884101625
13 1 0.17424636875 0.9798842750000001 0.175900296875 0.9690197171875001 0.17209104375 0.9406667375 0.1761322609375 0.9220888703125001 0.1963844234375 0.8848160453125 0.30196449375 0.8820706328125001 0.317281115625 0.892050015625 0.33116674375 0.9269805609375 0.331928515625 0.9403862609375 0.3227464625 0.963498984375 0.33055046250000003 0.9672412515625 0.3357575734375 0.993665903125 0.33773170937499997 1 0.337210915625 1 0.17424636875
4 0.304579534375 0.35749524843749997 0.3024469359375 0.36583591875 0.3088202296875 0.372964225 0.377591875 0.3868894625 0.3874813734375 0.3858625875 0.3898645375 0.3587338875 0.3851472078125 0.3486906484375 0.3757343421875 0.3442917828125 0.32460909375 0.336653471875 0.311407665625 0.34351020781249997 0.304579534375 0.35749524843749997
4 0.22047656718750003 0.3109294921875 0.196819121875 0.3093263390625 0.18486511562500002 0.317918778125 0.187019509375 0.32526571249999997 0.24631019843750002 0.33556718750000003 0.25930735625 0.33103577031250003 0.2569486921875 0.3260141515625 0.22047656718750003 0.3109294921875
11 0.779948203125 0.44396806250000004 0.66211581875 0.41483895156250006 0.647054153125 0.426935934375 0.6436060421875001 0.4343160078125 0.6815298609375 0.448811053125 0.7406162796875 0.4614378453125 0.7498248750000001 0.4681620296875 0.7757728921875 0.47556190625 0.80060966875 0.47967586874999996 0.8065526265624999 0.4757672015625 0.8055557703125 0.45524346875 0.779948203125 0.44396806250000004
11 1 0.497631515625 0.989869225 0.49250109062499997 0.95811443125 0.48745966875 0.9279475093749999 0.48027842187500003 0.9267681765625 0.4777676125 0.9169467703124999 0.4780193796875 0.9171483374999999 0.5235319890625 0.9263569296874999 0.5302561734375 0.9999139953125 0.5534495390624999 1 0.5524705078125 1 0.497631515625
6 0.8592684546875 0.4334277609375 0.8493108671874999 0.4352297390625 0.843504090625 0.43758819375 0.8426189140625 0.44766456874999994 0.8573619234375001 0.455130721875 0.8689754765625001 0.4504138109375 0.869452109375 0.444988071875 0.8592684546875 0.4334277609375