6 0.335233465625 0.5033955546875 0.3338734 0.5037565546875 0.3255764609375 0.5101241296875 0.3246567484375 0.5171115000000001 0.32833560781250004 0.5341054640625 0.33967875468750003 0.5346230484375 0.3404451828125 0.5090889625 0.335233465625 0.5033955546875
2 0.24913194375 0.5205078125 0.2421875 0.51806640625 0.23958333281250002 0.52392578125 0.2421875 0.53125 0.25 0.53076171875 0.2517361109375 0.525390625 0.2517361109375 0.52294921875 0.24913194375 0.5205078125
2 0.5017361109375 0.51904296875 0.4947916671875 0.52197265625 0.48350694375 0.52294921875 0.48524305625 0.52880859375 0.4869791671875 0.53515625 0.49652777812500004 0.5341796875 0.503472221875 0.529296875 0.5078125 0.52490234375 0.5086805562500001 0.51904296875 0.5017361109375 0.51904296875
2 0.543402778125 0.5234375 0.5321180562500001 0.52294921875 0.5303819437499999 0.5283203125 0.5321180562500001 0.53173828125 0.5364583328125 0.5361328125 0.5407986109375 0.53271484375 0.543402778125 0.5283203125 0.543402778125 0.5234375
4 0.41944444374999995 0.50546875 0.4125 0.50234375 0.3736111109375 0.503125 0.365277778125 0.509375 0.3611111109375 0.52109375 0.3611111109375 0.53515625 0.40555555625000006 0.53359375 0.4166666671875 0.53671875 0.42222222187499997 0.53359375 0.42222222187499997 0.5109375 0.41944444374999995 0.50546875
4 0.8236111109375001 0.54921875 0.8388888890624999 0.55546875 0.8486111109375001 0.55390625 0.85555555625 0.540625 0.847222221875 0.51875 0.85 0.51328125 0.8333333328125001 0.5015625 0.8013888890624999 0.5015625 0.7861111109375 0.5046875 0.7736111109375 0.5171875 0.7638888890625 0.521875 0.7569444437499999 0.53125 0.75555555625 0.54375 0.7666666671875 0.546875 0.7708333328125 0.5546875 0.7833333328125 0.5546875 0.797222221875 0.5484375 0.8236111109375001 0.54921875
4 0.95555555625 0.5046875 0.9458333328125 0.51328125 0.9361111109375001 0.53203125 0.9361111109375001 0.56015625 0.9583333328125001 0.5609375 0.9763888890624999 0.55546875 0.9986111109375001 0.5578125 0.9986111109375001 0.50234375 0.95555555625 0.5046875
4 0.48194444374999995 0.51328125 0.4763888890625 0.50859375 0.4625 0.5078125 0.45416666718750004 0.51015625 0.45416666718750004 0.52265625 0.459722221875 0.521875 0.46388888906250003 0.50859375 0.46875 0.521875 0.477777778125 0.521875 0.48194444374999995 0.51328125
4 0.5791666671875 0.5390625 0.60694444375 0.5390625 0.6138888890625 0.51171875 0.590277778125 0.51171875 0.58055555625 0.521875 0.5791666671875 0.5390625
4 0.659722221875 0.50546875 0.627777778125 0.5046875 0.6180555562500001 0.51015625 0.6111111109375 0.5203125 0.6111111109375 0.5421875 0.6208333328125 0.54296875 0.627777778125 0.5390625 0.6458333328125 0.540625 0.647222221875 0.525 0.659722221875 0.50546875
4 0.715277778125 0.54453125 0.7138888890625 0.5171875 0.7013888890625 0.5078125 0.6805555562500001 0.50546875 0.6611111109375 0.5078125 0.647222221875 0.5296875 0.6458333328125 0.54140625 0.65 0.5453125 0.684722221875 0.54453125 0.6888888890625 0.5421875 0.7111111109375 0.54765625 0.715277778125 0.54453125
4 0.8513888890624999 0.52578125 0.8680555562500001 0.528125 0.8666666671875 0.521875 0.8583333328125 0.51328125 0.8486111109375001 0.51171875 0.8513888890624999 0.5315104171875 0.8513888890624999 0.52578125
4 0.8680555562500001 0.53359375 0.8516812859374999 0.53359375 0.852777778125 0.54140625 0.8611111109375 0.54296875 0.8666666671875 0.540625 0.8680555562500001 0.53359375