11 1 0.8040311109375 0.972857309375 0.8024739328124999 0.9220532296874999 0.794364475 0.8897022953124999 0.7940569578125001 0.8598728843749999 0.78725071875 0.6845628375 0.7633569546875 0.68721234375 0.769403084375 0.6812077265625 0.7832694375 0.669305709375 0.789804425 0.6552799359375 0.7847539968749999 0.644664621875 0.7715575375 0.6239251546875 0.76160145 0.621420921875 0.7571121109375001 0.6038394203124999 0.7586509218749999 0.5968905234374999 0.76239813125 0.5697832546875 0.7624164171875 0.5485007468750001 0.7689876734375 0.5358723640624999 0.7677387046875 0.49737153906250003 0.7797407484375001 0.4883369390625 0.7946570515625 0.46491338281249994 0.8006309484375 0.454951796875 0.7944400515625001 0.44157975625 0.796395184375 0.3281456859375 0.8322202781250001 0.05444773125 0.904830203125 0.0497851578125 0.9107315625 0.0580586734375 0.999392853125 0.529535971875 0.9911631859375 1 0.9499861359375 1 0.8040311109375
12 0.40140481406250006 0.7457635015624999 0.41388792343749997 0.7454556796875 0.41876840625 0.7418895062499999 0.41591828125 0.72252013125 0.3974478453125 0.72570625 0.40140481406250006 0.7457635015624999
4 0.31411644375000003 0.782439225 0.3057528671875 0.79337303125 0.3083124453125 0.8096288218750001 0.316295546875 0.8057910921874999 0.322735984375 0.7965951140625 0.32053959062500004 0.7842313015625 0.31411644375000003 0.782439225
4 0.2595594875 0.8123263859375 0.26812368124999997 0.814715821875 0.29597460937500003 0.8114934343750001 0.2932697578125 0.7936808531249999 0.2656159796875 0.765495859375 0.25380389062500003 0.7618211859375 0.23684153437500002 0.7923416703124999 0.2357900375 0.8034202468749999 0.24337537187499997 0.8176666546875 0.2507600890625 0.8185898187499999 0.2595594875 0.8123263859375
4 0.58052308125 0.7434271 0.5798347703125 0.7583976531250001 0.597488909375 0.7576372390625 0.5976514734375 0.7482059734375001 0.5919719859375 0.7432097953125 0.58052308125 0.7434271
4 0.5578431859374999 0.74619689375 0.5444711437499999 0.7481520265625 0.539735934375 0.753274990625 0.5406802109375 0.7633941359375 0.5635780171875 0.7629595265625 0.5634500375 0.7504146765625 0.5578431859374999 0.74619689375
7 0.6201134609375 0.743100990625 0.61893398125 0.7416347171875 0.6167202953124999 0.7402589625 0.6125834703125 0.7406210343749999 0.6135277484375 0.7507401781249999 0.6169209140625 0.75358220625 0.619950896875 0.7525322562500001 0.620839828125 0.7508849468750001 0.6201134609375 0.743100990625
4 0.5985404046875 0.7465586625 0.5975788375 0.747427578125 0.5980146562499999 0.7520979515625 0.5992667734375 0.75434261875 0.601407821875 0.7549399796875 0.604510440625 0.754668425 0.605472009375 0.7537995109375 0.614779865625 0.752984846875 0.6167756390625 0.752025415625 0.6176645734374999 0.7503781046875 0.61537825 0.7482239546875 0.6150150671875 0.7443319765624999 0.6116219015625 0.7414899484374999 0.608519284375 0.741761503125 0.6074124421875 0.7410736250000001 0.6022414109375 0.741526215625 0.600245634375 0.7424856484375 0.598322496875 0.7442234765625 0.5985404046875 0.7465586625
4 0.5785100171875001 0.7553745875 0.577638375 0.746033840625 0.575497325 0.74543648125 0.569364725 0.7467579843750001 0.5676594984375 0.750831 0.5699458203125001 0.7529851515625 0.570309003125 0.7568771296875 0.571415846875 0.75756500625 0.5776210828125 0.7570218984375 0.5785100171875001 0.7553745875
7 0.666801478125 0.7853150875 0.668869890625 0.7851340515625 0.6785582203125 0.777223309375 0.6793018796875 0.7740192078125 0.6755801124999999 0.7453090875 0.6638579546875001 0.7314247515625001 0.66164426875 0.7300489953125 0.6565458750000001 0.7312799828125 0.649434415625 0.744458459375 0.648075078125 0.763411509375 0.6546988421875 0.7785268328125 0.666801478125 0.7853150875
7 0.45941375156250003 0.775215446875 0.4640417421875 0.7912901999999999 0.47311439375 0.7991284078125 0.48035383749999994 0.79849478125 0.48583270624999997 0.7901677140625 0.48782848124999995 0.7892082828125 0.486756221875 0.766544290625 0.485213559375 0.7611860390625 0.48071355000000004 0.757656134375 0.47585035781249996 0.7502342484375 0.47046141874999997 0.7483516531250001 0.4635125234375 0.7520988625 0.4572899953125 0.7636300296874999 0.4571274296875 0.773061296875 0.45941375156250003 0.775215446875
7 0.630510865625 0.7539622609375 0.632869825 0.7568948062499999 0.637297196875 0.7596463171875001 0.637369834375 0.7604247140625 0.638404040625 0.76033419375 0.6417245671875 0.7623978265625 0.6448271859375 0.7621262734375 0.6466776875 0.75961005 0.6478018234375 0.7493098703125 0.6487633921875 0.7484409546874999 0.648400209375 0.7445489765625 0.6493617781250001 0.7436800625 0.6482549343749999 0.7429921859374999 0.648037025 0.7406569984375 0.6456780640625001 0.737724453125 0.638964371875 0.7328187921875 0.6310539078125 0.737434915625 0.6279512875 0.7377064703125 0.6291134765625 0.7501608015625 0.63022031875 0.750848678125 0.630510865625 0.7539622609375
7 0.6325792781249999 0.753781225 0.637297196875 0.7596463171875001 0.6417245671875 0.7623978265625 0.6448271859375 0.7621262734375 0.64578875625 0.7612573578124999 0.646387140625 0.7564964671875 0.6473487109375 0.755627553125 0.6470581640625 0.7525139703125 0.6480197343749999 0.75164505625 0.6473660031249999 0.7446394953125 0.646259159375 0.7439516187499999 0.6459686125 0.7408380359375 0.6425754484375 0.7379960078125001 0.6425028109375 0.7372176109375 0.6391822828125 0.7351539781249999 0.6371865078125001 0.7361134109374999 0.6352633671875 0.7378512390624999 0.632070821875 0.7483324546875 0.6325792781249999 0.753781225
7 0.3763867171875 0.77934331875 0.3847157125 0.7903856265625 0.390485128125 0.78517214375 0.387707640625 0.7665811671875 0.3824639734375 0.7662553625 0.3763867171875 0.77934331875