11 0.42083333281249996 0.8265625 0.44305555625000004 0.828125 0.46527777812500004 0.8390625 0.46527777812500004 0.84765625 0.6208333328125 0.8734375 0.7333333328125 0.88515625 0.9861111109375 0.90078125 0.9958333328125001 0.8984375 0.9986111109375001 0.5421875 0.9930555562500001 0.53515625 0.9638888890624999 0.52109375 0.95555555625 0.51328125 0.7861111109375 0.44375 0.7666666671875 0.44140625 0.7625 0.43671875 0.6958333328124999 0.4171875 0.5986111109375 0.39765625 0.5 0.38515625 0.4583333328125 0.3765625 0.45416666718750004 0.378125 0.44305555625000004 0.37265625 0.39444444375 0.371875 0.384722221875 0.37578125 0.372222221875 0.38984375 0.35555555625 0.3890625 0.35 0.384375 0.3333333328125 0.38203125 0.3111111109375 0.3828125 0.290277778125 0.3796875 0.0888888890625 0.434375 0.06805555625000001 0.44453125 0.055555556250000006 0.44453125 0.006944443749999999 0.45625 0.002777778125 0.4625 0 0.771875 0.072222221875 0.78125 0.21944444375 0.79296875 0.26805555625 0.803125 0.35972222187499997 0.8140625 0.42083333281249996 0.8265625
2 0.223039215625 0.43566176562500003 0.23611111093749998 0.43382352968750004 0.2540849671875 0.42922794062499997 0.2655228765625 0.42233455937500003 0.26797385625 0.41038602968750004 0.258169934375 0.401194853125 0.25081699375 0.39246323437499997 0.2263071890625 0.390625 0.20588235312499997 0.3984375 0.2107843140625 0.409007353125 0.21160130625 0.42233455937500003 0.220588234375 0.42922794062499997 0.223039215625 0.43566176562500003
6 0.26805555625 0.3875 0.275 0.3828125 0.275 0.37734375 0.25555555625 0.353125 0.2388888890625 0.35 0.23194444375 0.3609375 0.2166666671875 0.36796875 0.2166666671875 0.39375 0.22916666718749998 0.3890625 0.25 0.39296875 0.259722221875 0.40546875 0.2666666671875 0.40703125 0.26805555625 0.3875
11 0.40972222187499996 0.353125 0.3916666671875 0.35703125 0.39444444375 0.36328125 0.41944444374999995 0.36875 0.434722221875 0.36875 0.4388888890625 0.35703125 0.40972222187499996 0.353125
2 0.48518518437499997 0.36328125 0.4875 0.36171875 0.4916666671875 0.3609375 0.49305555625 0.36328125 0.4995370375 0.361979165625 0.5009259265625 0.357291665625 0.5050925937499999 0.352864584375 0.5050925937499999 0.3484375 0.49583333281249997 0.349479165625 0.4916666671875 0.349479165625 0.4837962953125 0.351822915625 0.4837962953125 0.35703125 0.4837962953125 0.360677084375 0.48518518437499997 0.36328125
11 0.6 0.365625 0.5083333328124999 0.36328125 0.5013888890625 0.3703125 0.5125 0.3765625 0.5944444437499999 0.3890625 0.6083333328125 0.38828125 0.6083333328125 0.3734375 0.6 0.365625
2 0.6319444437499999 0.378125 0.6361111109375 0.375 0.6375 0.3703125 0.6388888890625 0.36953125 0.6388888890625 0.365625 0.640277778125 0.36484375 0.640277778125 0.35703125 0.6361111109375 0.35234375 0.6263888890625 0.346875 0.622222221875 0.346875 0.622222221875 0.34765625 0.6138888890625 0.35234375 0.6111111109375 0.35703125 0.6111111109375 0.3625 0.6125 0.36328125 0.6138888890625 0.37578125 0.6180555562500001 0.37890625 0.6319444437499999 0.378125
2 0.6245370375 0.37994791562499997 0.6328703703125 0.37994791562499997 0.6370370375000001 0.377083334375 0.6370370375000001 0.37109375 0.6398148156250001 0.368489584375 0.64351851875 0.363541665625 0.6384259265625001 0.359895834375 0.6296296296875 0.359635415625 0.628240740625 0.361458334375 0.615740740625 0.365885415625 0.6148148156250001 0.373177084375 0.6162037046875 0.378645834375 0.6245370375 0.37994791562499997
11 0.86944444375 0.38984375 0.8583333328125 0.4046875 0.83194444375 0.40234375 0.8222222218749999 0.38828125 0.8208333328125 0.41953125 0.852777778125 0.43046875 0.8666666671875 0.43984375 0.8986111109375001 0.44140625 0.8916666671875 0.39453125 0.86944444375 0.38984375
2 0.8382936515624999 0.40290178593750003 0.8422619046875001 0.39787946406249997 0.8492063484375001 0.39787946406249997 0.8541666671874999 0.40457589218749995 0.862103175 0.40011160781250005 0.8630952375 0.3895089296875 0.8630952375 0.38225446406249997 0.87003968125 0.37723214375 0.8422619046875001 0.37667410625 0.84424603125 0.38671875 0.8333333328125001 0.3878348203125 0.83134920625 0.3934151796875 0.8333333328125001 0.3973214296875 0.8382936515624999 0.40290178593750003
13 0.002777778125 0 0 0.096875 0.01805555625 0.10234375 0.0236111109375 0.11171875 0.022222221875 0.1421875 0.0388888890625 0.14921875 0.0458333328125 0.18125 0.052777778124999994 0.1796875 0.059722221875 0.171875 0.06805555625000001 0.171875 0.075 0.14453125 0.090277778125 0.13046875 0.10833333281249999 0.12890625 0.1111111109375 0.13203125 0.1263888890625 0.134375 0.140277778125 0.12734375 0.1458333328125 0.12890625 0.3375 0.2328125 0.334722221875 0.23828125 0.30555555624999997 0.2515625 0.302777778125 0.2640625 0.31805555625 0.26953125 0.40833333281249995 0.25625 0.47361111093749997 0.25390625 0.5069444437499999 0.2546875 0.54305555625 0.26171875 0.56805555625 0.259375 0.577777778125 0.24140625 0.5958333328125 0.23125 0.6166666671875001 0.2265625 0.64305555625 0.23125 0.6555555562500001 0.23828125 0.6569444437499999 0.25 0.6625 0.25234375 0.66944444375 0.24765625 0.66805555625 0.2359375 0.6916666671875 0.2296875 0.6958333328124999 0.21484375 0.7041666671875 0.2078125 0.7194444437499999 0.2046875 0.7513888890625 0.20859375 0.7861111109375 0.2203125 0.8111111109375001 0.2140625 0.8458333328125001 0.22421875 0.877777778125 0.10859375 0.875 0.096875 0.8652777781250001 0.0875 0.8833333328125 0.08359375 0.89305555625 0.08671875 0.9083333328125001 0.0796875 0.9472222218749999 0.071875 0.9986111109375001 0.06953125 0.9986111109375001 0 0.002777778125 0
13 0.9472222218749999 0.25078125 0.9736111109375001 0.24921875 0.9986111109375001 0.24375 0.9986111109375001 0.08671875 0.9708333328125001 0.084375 0.9458333328125 0.08984375 0.934722221875 0.0875 0.9069444437499999 0.0953125 0.890277778125 0.11796875 0.8625 0.228125 0.8611111109375 0.24375 0.872222221875 0.25625 0.9069444437499999 0.25234375 0.91944444375 0.24140625 0.94305555625 0.24609375 0.9472222218749999 0.25078125
4 0.3708333328125 0.34140625 0.3611111109375 0.33828125 0.309722221875 0.3375 0.29722222187499997 0.34609375 0.2916666671875 0.3609375 0.290277778125 0.36953125 0.29722222187499997 0.37578125 0.36666666718749996 0.38046875 0.3763888890625 0.378125 0.3763888890625 0.35078125 0.3708333328125 0.34140625
4 0.20416666718749998 0.32578125 0.18055555625 0.32734375 0.16944444375 0.3375 0.172222221875 0.34453125 0.23194444375 0.346875 0.24444444375000002 0.340625 0.2416666671875 0.3359375 0.20416666718749998 0.32578125
11 0.79444444375 0.41640625 0.8 0.41171875 0.797222221875 0.39140625 0.7708333328125 0.38359375 0.6513888890625 0.3703125 0.6375 0.384375 0.6347222218749999 0.3921875 0.6736111109375 0.4015625 0.7333333328125 0.40625 0.7430555562500001 0.41171875 0.76944444375 0.415625 0.79444444375 0.41640625
11 0.9513888890625 0.403125 0.9208333328125 0.4 0.91944444375 0.39765625 0.909722221875 0.39921875 0.9138888890624999 0.44453125 0.9236111109375 0.45 0.9986111109375001 0.46328125 0.9986111109375001 0.409375 0.9833333328125 0.40390625 0.9513888890625 0.403125
6 0.8486111109375001 0.3625 0.8388888890624999 0.365625 0.8333333328125001 0.36875 0.8333333328125001 0.37890625 0.8486111109375001 0.384375 0.859722221875 0.378125 0.859722221875 0.37265625 0.8486111109375001 0.3625