4 0.0703849125 0.6439419984375 0.0552857453125 0.6509840078125 0.039477628125000004 0.6673895984375 0.0280239609375 0.6949911359375001 0.0314922203125 0.7178915578125 0.038687328124999996 0.719052340625 0.049168609375 0.718035296875 0.055800039062499994 0.7128993390625 0.0702716 0.672921740625 0.07550739375 0.644994071875 0.0703849125 0.6439419984375
4 0.15576350781249998 0.7392941875 0.16633583125 0.7508162671874999 0.1847531375 0.7549158499999999 0.2141243578125 0.751756003125 0.252613190625 0.7381068234375 0.2585627828125 0.7282347203125 0.2600988453125 0.7079469703125 0.2455265453125 0.68054715 0.22506373124999998 0.662239134375 0.164748415625 0.6481080109375 0.1317045765625 0.644808053125 0.1259913015625 0.651558959375 0.1121153828125 0.711152725 0.11149747343750001 0.733055428125 0.14765024531249998 0.7365184515625 0.15576350781249998 0.7392941875
11 0 0.9409456031250001 0.01989525 0.9397680140625001 0.0935915859375 0.9420666265625 0.2676010140625 0.9386591515625 0.50062116875 0.9391302140625 0.9460853531250001 0.9507440640624999 0.9570150296875 0.806388903125 0.9480426953125001 0.8012179187499999 0.8893273671875 0.7934378921875 0.8259031140624999 0.779143703125 0.7909638906249999 0.7733941390625 0.77316934375 0.7748109984375 0.7651151609375 0.7712549656250001 0.76241978125 0.7656298125000001 0.704740765625 0.7579041390625 0.677469284375 0.747072975 0.526699396875 0.7321144515625 0.44826701875 0.7374014015625 0.4386448109375 0.7408136953125 0.40894622968750005 0.734555609375 0.4003603359375 0.738022259375 0.3618986203125 0.73757171875 0.35331272343750003 0.7410383687500001 0.268807746875 0.73033886875 0 0.79586046875 0 0.9409456031250001
7 0.56557466875 0.7271029062500001 0.5655427046875 0.71378348125 0.5626700828125 0.710499225 0.5554158984375 0.7101187390625 0.5520115640625 0.713857165625 0.55313891875 0.7264506453124999 0.557847846875 0.7329648062499999 0.56557466875 0.7271029062500001
4 0.5992412609375 0.73591930625 0.603563746875 0.7337958328124999 0.604568096875 0.7205307640624999 0.6098678171875 0.7192419421875 0.610104134375 0.71612075 0.5883415750000001 0.71497929375 0.5742196421875 0.72285595625 0.5754060765625 0.7346691390625 0.5992412609375 0.73591930625
4 0.6311897046875 0.739945209375 0.6716649640625 0.7412847578124999 0.672610234375 0.7287999875 0.666005921875 0.719836221875 0.6444205984375 0.7163538703125 0.6318076125000001 0.7180425046875001 0.6273669671875 0.721726575 0.62514906875 0.7372781828125 0.6311897046875 0.739945209375
7 0.8150896234375 0.7433236703125 0.8158576546875 0.7331797921875001 0.80581704375 0.7146350296875 0.79856285625 0.7142545453125 0.7891498515625 0.7286453703125 0.772605665625 0.7685142578125 0.777550909375 0.7719072265625 0.788268509375 0.7677689875 0.8067448921875 0.7710882734375 0.80917199375 0.7665151953125 0.8058538546875 0.7553736 0.8150896234375 0.7433236703125
7 0.4327814140625 0.735805775 0.43796297500000003 0.7360775515625 0.4447716421875 0.7286007 0.4477304578125 0.7170049374999999 0.4431077265625 0.6956107578124999 0.4346990671875 0.6967365125 0.4297857875 0.70666296875 0.42813156562500004 0.7285113171875001 0.4327814140625 0.735805775
7 0.4705612921875 0.7315201734375 0.4711792015625 0.70961746875 0.46652935468749995 0.7023230093749999 0.4549526796875 0.7040659984375 0.453921215625 0.7314307906249999 0.4577119890625 0.7363299984375 0.464966175 0.736710484375 0.4705612921875 0.7315201734375
7 0.6867050515625001 0.7350230437499999 0.6870914921875 0.7436606796875 0.7066041890625 0.7470343203125 0.7101266796875 0.7417352984375001 0.7053857906250001 0.7219017140624999 0.6951999046874999 0.7190172703125 0.6867050515625001 0.7350230437499999
6 0.373765840625 0.7045080921875 0.37207965781249996 0.7130370171875 0.377856859375 0.73292495625 0.38431105 0.7301298953125 0.393578784375 0.7313993890625 0.40222375625 0.7271524406250001 0.40675059999999996 0.70858835 0.399346290625 0.6964490375 0.38471975937499997 0.6972486625000001 0.373765840625 0.7045080921875
2 0.3088646046875 0.709721359375 0.3072694609375 0.730789409375 0.3216596765625 0.7331109765625 0.32829110625 0.72797501875 0.3255046828125 0.7098107406249999 0.3163551078125 0.7069806515625 0.3088646046875 0.709721359375
6 0.34539896875 0.694402871875 0.3426222390625 0.731076884375 0.3453767015625 0.7359217390625 0.3557398234375 0.736465290625 0.36479350625 0.6993371078124999 0.35854366875 0.6856915531250001 0.34539896875 0.694402871875
7 0.4848285 0.707983190625 0.48133797187500005 0.7266016359374999 0.4830561203125 0.7313921359375 0.488178603125 0.732444209375 0.494659909375 0.7155494250000001 0.49024637968749996 0.7051337734375 0.4848285 0.707983190625
6 0.6044499375 0.7220913609374999 0.603386509375 0.7361367265625 0.61996750625 0.7370064078125 0.624848825 0.713760528125 0.6182445109375 0.7047967640625 0.6129447906250001 0.706085584375 0.6044499375 0.7220913609374999
2 0.8446429312499999 0.7652420734375001 0.8461789953125001 0.744954321875 0.8276435296875 0.742415334375 0.8233801218749999 0.7437585109375 0.8283573296875 0.7604709015625 0.8446429312499999 0.7652420734375001