4 0.6536773875084407 0.38287282418510366 0.1402312018192456 0.09535148043270843
4 0.5587458771693585 0.37647931345152735 0.11799232878371627 0.08702983415618064
16 0.34192225020488776 0.3893469086256247 0.10095037799792798 0.08975479065319458
4 0.4086367152586997 0.3776268522048608 0.05247433664159917 0.054288762917777865
4 0.4515690779551468 0.3758454934473955 0.054944365177646406 0.04029899810013893
4 0.4916311517764644 0.3796056198722913 0.046224336641598994 0.05414329255305557
9 0.2930138693114756 0.41394817154340247 0.05618153349844608 0.06686149810013901
10 0.7969179652586997 0.3685895057964924 0.054473484284234354 0.06370013050895836
4 0.1429945986333112 0.4002337765011458 0.06900686517764645 0.040626306420763925
4 0.05887430975818171 0.40766637642489584 0.08296235731976358 0.07216724715020835
9 0.8503147930089587 0.3563973239007632 0.04771406203449331 0.05261716014423614
4 0.2510789263835702 0.38676872891409697 0.035757717535011314 0.030487587005972296