11 0 0.99921875 0.9989615781250001 0.99921875 0.9989615781250001 0.76953125 0.9688473515625 0.77265625 0.892004153125 0.74765625 0.8847352031250001 0.75 0.8805815156250001 0.76328125 0.87227414375 0.7671875 0.8566978187500001 0.76328125 0.8494288687499999 0.74375 0.836967809375 0.73203125 0.82450675 0.73203125 0.7788162 0.715625 0.7725856703125 0.71796875 0.7590861890625 0.715625 0.75389408125 0.71953125 0.743509865625 0.71796875 0.7362409140625 0.721875 0.7092419515625 0.72265625 0.6791277265625 0.7109375 0.661474559375 0.7078125 0.6095534781249999 0.71171875 0.5700934578125 0.70234375 0.5472481828125 0.7046875 0.5368639671875 0.721875 0.520249221875 0.71875 0.470404984375 0.71953125 0.46417445468749996 0.72734375 0.4537902390625 0.73125 0.43925233593749996 0.72890625 0.42471443437499995 0.73515625 0.33644859843749997 0.7359375 0.3146417453125 0.7296875 0.30529595 0.73515625 0.30529595 0.740625 0.3115264796875 0.74375 0.3146417453125 0.76171875 0.29595015625 0.77109375 0.2741433015625 0.77265625 0.2710280375 0.77578125 0.260643821875 0.7734375 0.2523364484375 0.784375 0.2440290765625 0.78359375 0.233644859375 0.78984375 0.20041536875000002 0.790625 0.18899273125 0.7984375 0.187954309375 0.80546875 0.1713395640625 0.81328125 0.1225337484375 0.81953125 0.0986500515625 0.8328125 0.07995846250000001 0.83125 0.07476635468750001 0.83671875 0.0519210796875 0.83671875 0.0404984421875 0.83984375 0.03634475625 0.83671875 0.0269989609375 0.84140625 0.0062305296875 0.84453125 0.00207684375 0.8765625 0.0051921078125 0.88125 0.02492211875 0.87890625 0.031152648437500003 0.88203125 0.035306334375 0.88984375 0.025960540625 0.9015625 0 0.90703125 0 0.99921875
4 0 0.753125 0.0893042578125 0.7625 0.1298027 0.7703125 0.1443406015625 0.7875 0.1453790234375 0.79765625 0.16199376875 0.80625 0.17757009375 0.80234375 0.1921079953125 0.778125 0.21391485000000002 0.77734375 0.22326064375 0.7828125 0.235721703125 0.77890625 0.24714434062500001 0.753125 0.25025960468749997 0.71171875 0.23468328125000001 0.69296875 0.21287642812500002 0.64921875 0.20145379062500002 0.63984375 0.16614745625 0.6296875 0.096573209375 0.6203125 0.0031152640625 0.6171875 0 0.61796875 0 0.753125
4 0.9376947046874999 0.75078125 0.9491173421875001 0.76328125 0.9584631359375001 0.76796875 0.966770509375 0.76640625 0.978193146875 0.7578125 0.9989615781250001 0.75625 0.9989615781250001 0.653125 0.914849428125 0.6578125 0.90654205625 0.6625 0.8982346828125 0.68125 0.893042575 0.728125 0.9003115265625 0.75546875 0.9044652125000001 0.759375 0.9158878500000001 0.759375 0.9221183796875 0.7515625 0.9376947046874999 0.75078125
4 0.386292834375 0.7296875 0.40290758125000004 0.72890625 0.41433021875 0.7359375 0.4184839046875 0.728125 0.4205607484375 0.6953125 0.413291796875 0.64453125 0.390446521875 0.640625 0.3551401875 0.63984375 0.3447559703125 0.64453125 0.342679128125 0.653125 0.342679128125 0.68828125 0.3354101765625 0.7046875 0.3374870203125 0.725 0.3447559703125 0.72890625 0.36604361406249997 0.7234375 0.386292834375 0.7296875
6 0.4278296984375 0.66484375 0.42159916875 0.67734375 0.42159916875 0.7140625 0.4309449640625 0.72421875 0.438213915625 0.71171875 0.44029075781250004 0.67265625 0.43509865000000003 0.6640625 0.4278296984375 0.66484375
6 0.4506749734375 0.6578125 0.447559709375 0.6609375 0.43925233593749996 0.6828125 0.44132917968749996 0.72109375 0.4620976109375 0.72421875 0.472481828125 0.69921875 0.472481828125 0.68671875 0.46002076875000003 0.6578125 0.4506749734375 0.6578125
4 0.5379023890625 0.6828125 0.5285565937500001 0.6640625 0.4870197296875 0.66328125 0.479750778125 0.67421875 0.4755970921875 0.69453125 0.47455867031250004 0.7125 0.48078919999999997 0.71484375 0.5098650046875 0.71171875 0.5244029078125 0.71640625 0.5379023890625 0.715625 0.5379023890625 0.6828125
4 0.6656282453125 0.66328125 0.6365524406249999 0.66953125 0.59709241875 0.68515625 0.5867082031249999 0.6921875 0.5867082031249999 0.7015625 0.5991692625 0.70703125 0.670820353125 0.703125 0.6739356171875001 0.696875 0.670820353125 0.66484375 0.6656282453125 0.66328125
6 0.8743509859374999 0.76015625 0.8805815156250001 0.7484375 0.89511941875 0.68828125 0.8733125656249999 0.64609375 0.8608515062500001 0.6453125 0.8452751812500001 0.66484375 0.8411214953125 0.69296875 0.8515057109375 0.71015625 0.8504672890625 0.73203125 0.859813084375 0.759375 0.8691588781249999 0.7625 0.8743509859374999 0.76015625
6 0.7248182765625 0.67734375 0.7144340609375 0.66328125 0.7050882656249999 0.675 0.70404984375 0.70078125 0.7123572171875 0.72421875 0.727933540625 0.7203125 0.7227414328124999 0.715625 0.727933540625 0.68984375 0.7248182765625 0.67734375
4 0.5368639671875 0.671875 0.541017653125 0.696875 0.5441329171875 0.69921875 0.5576323984375 0.6984375 0.5545171343749999 0.67421875 0.5482866046875 0.67109375 0.5368639671875 0.671875