4 0.6335611534118619 0.40841454722264325 0.13272277110331832 0.08513859016268785
4 0.5400429784929399 0.39458787567786624 0.11230117694751698 0.07877041549465283
16 0.3221287755708405 0.3901947705862595 0.09519549756436803 0.0833579215447771
4 0.38943900649611707 0.3835544060266831 0.04777502678536125 0.05183521077238851
4 0.43239411972664177 0.38458564090137254 0.05218979139585791 0.036237481849627426
4 0.4728963888013654 0.3918532402374426 0.041525026785361165 0.05179884933607006
9 0.2709929695644861 0.410211833916172 0.051118215096963925 0.06435339149054772
10 0.7773657004897625 0.4061258602579681 0.049501168019063256 0.06121930113146821
4 0.12299184618769154 0.38434824980360827 0.06625229139585782 0.036319295081344016
4 0.03911240848334917 0.38540168969514965 0.07822481696669834 0.06611587939029935
9 0.8322032049539896 0.39785027282575475 0.044595479707460584 0.048692030054229285
4 0.23168105357401775 0.3795112797596417 0.0333034237011061 0.02831589754067192