11 0 0.875848459375 0.211280665625 0.8824741921875001 0.32447673906249996 0.8812620296875 0.48188573593750006 0.87004195625 0.4826851875 0.861478309375 0.505847046875 0.8526463890624999 0.52813678125 0.8531566296875001 0.5901966578125 0.8463854 0.6825597 0.8440136890625001 0.7319453328125001 0.8384151609374999 0.8797419953125001 0.8404331015625001 0.9525833515625 0.8378095578125 0.9785955296875001 0.5292598875000001 0.975024878125 0.5226441703125 0.9276742109375 0.5064443234375 0.9152179984375 0.5052814875 0.89540245 0.49322275156249995 0.6998064375 0.41999222031250005 0.6787553749999999 0.42116820937500005 0.656683675 0.41832243125 0.6398573578125 0.4191075203125 0.6338851984375 0.4232617828125 0.6172042390625 0.422489846875 0.60605621875 0.407313771875 0.5967314406249999 0.40251677656249996 0.5482179359375 0.39877314375 0.5366370046875 0.403189103125 0.532630290625 0.4012444640625 0.4903101296875 0.4059319859375 0.390881615625 0.40921470312499997 0.2921830296875 0.41963324531249996 0.22393296093749998 0.4328942765625 0.219344825 0.43717774374999996 0.19975046406250002 0.43770442656249997 0.024431296875 0.4912292015625 0.015400382812499998 0.49823910937500004 0 0.5039687171875 0 0.875848459375
2 0.7646432625 0.47584212812500004 0.774239978125 0.469808921875 0.7762938984375001 0.45660440312499995 0.7821619703125 0.44652759062499997 0.76253545625 0.4368423984375 0.737940503125 0.43639411875 0.72980104375 0.44441112968749996 0.7191764359375 0.4526580796875 0.7205072968749999 0.46479276093750005 0.7312638671875 0.47272602968750005 0.748747246875 0.47897757343749997 0.761602346875 0.482025409375 0.7646432625 0.47584212812500004
6 0.72079113125 0.4494366546875 0.72785660625 0.44852565 0.738707609375 0.4369738671875 0.75983135 0.4350193625 0.771851496875 0.4408532796875 0.7742498484375 0.41516234062499996 0.7596796875 0.40673447500000004 0.7537770515625 0.39518926875 0.7368780578125 0.396752871875 0.71524873125 0.419077925 0.7147399890624999 0.42452751875 0.7212240421875 0.42984461874999996 0.72079113125 0.4494366546875
11 0.553823553125 0.383590490625 0.5568854640625001 0.3956558015625 0.572109725 0.397077046875 0.5975308921875 0.393953128125 0.60088035625 0.38798343125 0.5832514359375 0.3824112109375 0.553823553125 0.383590490625
2 0.5071080140625 0.38551179062499996 0.5087342953125 0.3830459515625 0.5090734578125 0.37941288906250004 0.5095579734375 0.37422279999999997 0.501933203125 0.371155103125 0.497781134375 0.370767490625 0.48865120937500006 0.3688681125 0.48823937187500005 0.3732796890625 0.49197960468749996 0.3780788734375 0.4929275640625 0.382879159375 0.4992652125 0.38477963437499996 0.50086726875 0.3825732984375 0.5049466625 0.383739425 0.5071080140625 0.38551179062499996
11 0.48404095312499995 0.38335838906249997 0.3924773625 0.3771664546875 0.38344644687499996 0.3841763609375 0.382065578125 0.3989681140625 0.39583313750000004 0.40103866874999994 0.47865336718749996 0.3962055015625 0.4903069765625 0.3910110296875 0.48404095312499995 0.38335838906249997
2 0.3537247 0.3735487375 0.3533613140625 0.3774413046875 0.354672659375 0.3783490203125 0.35562062031249997 0.38314930625 0.3594819828125 0.386650971875 0.373249540625 0.38872152656250003 0.3776923203125 0.385995084375 0.3802391828125 0.3736680765625 0.3816958828125 0.3730187671875 0.3822046234375 0.36756917499999997 0.3798726421875 0.36263968593749996 0.3720045640625 0.3571933828125 0.3720772421875 0.35641486875 0.36792516875 0.35602725625 0.3577282640625 0.3605724203125 0.3531401265625 0.3648558875 0.3524133546875 0.3726410203125 0.3537247 0.3735487375
2 0.3751191296875 0.38863429531250004 0.3770118953125 0.3833139046875 0.3767675359375 0.37596164375 0.3647231609375 0.3703872328125 0.3635087171875 0.36844149531250003 0.354719009375 0.367882709375 0.34930509375 0.371042021875 0.35253553437499996 0.3763171515625 0.3550613234375 0.379170603125 0.35450413125 0.38513920625 0.35838971875 0.38838136562500003 0.366693859375 0.38915659062499997 0.3751191296875 0.38863429531250004
11 0.13455284375 0.41826790156250004 0.1674028703125 0.4103404109375 0.168925940625 0.379070675 0.1579295828125 0.392179484375 0.131415103125 0.3920601453125 0.1217237828125 0.37623476093749997 0.0991433390625 0.3788385734375 0.08786258125 0.42490335 0.1198404796875 0.42631801718749995 0.13455284375 0.41826790156250004
2 0.15155070312500002 0.39214491875 0.157012771875 0.387045553125 0.1593533328125 0.383337565625 0.15789528125000002 0.3775921765625 0.147124634375 0.3754648390625 0.1500362328125 0.365639959375 0.12230384999999999 0.363611959375 0.12875675625 0.36926270625 0.1280818953125 0.376491759375 0.1280841484375 0.3871495859375 0.1355775546875 0.39233654218749997 0.141143446875 0.3861250140625 0.1480635640625 0.386771034375 0.15155070312500002 0.39214491875
13 0.196205175 0.2064958453125 0.2205361828125 0.21504962500000002 0.25622693124999996 0.20660203125 0.2884228625 0.2056811609375 0.3033564125 0.2102164578125 0.31100645937500004 0.217998303125 0.313777659375 0.23317766718750002 0.3367246421875 0.24160224531250002 0.33425045937500003 0.25315073906249996 0.3407345125 0.258467840625 0.346488640625 0.2566491171875 0.348962821875 0.24510062187499998 0.36207313124999996 0.2392568390625 0.38880564375 0.2370406390625 0.4091299359375 0.24364978124999997 0.4261774359375 0.2554501078125 0.4341940234375 0.2742603421875 0.458888415625 0.2789215578125 0.495527128125 0.2752742453125 0.5288163703125 0.27759663125 0.59364745 0.2860047671875 0.68237346875 0.3076377625 0.6981064703125 0.303609415625 0.6965012609375 0.2908947953125 0.66867228125 0.27494678125 0.6664129734375 0.26923878125 0.8670743203125 0.1835266859375 0.8727557687499999 0.1824864765625 0.8859419093750001 0.1907851390625 0.9013842015625 0.18987084375000002 0.904442959375 0.1870151984375 0.922289909375 0.1902518796875 0.9362059765625 0.20568636406250002 0.9405823874999999 0.23358035 0.94888653125 0.234355575 0.955079875 0.24278672812500002 0.9618546406249999 0.24498977656249998 0.9717545281250001 0.213716753125 0.9890169078125 0.2082605828125 0.9904673015625001 0.177769359375 0.9946515671875 0.1720068265625 0.9989602328125 0.06626459375 0.513092959375 0.020906935937500003 0.0269085125 0.0010964375 0.02280729375 0.045028325 0.0737981359375 0.052144420312499995 0.1118240234375 0.06354726875 0.1263941875 0.0719751328125 0.1363730625 0.069765509375 0.1540019828125 0.0753377296875 0.14344168906250002 0.0837754609375 0.13958348125 0.0951947515625 0.1606597796875 0.2133864125 0.196205175 0.2064958453125
13 0.0066002484375 0.2186367890625 0.03100393125 0.22641205625 0.0571550265625 0.23042396250000002 0.061743159375 0.22614049375 0.085707628125 0.22366588593749998 0.09714635625 0.235727909375 0.131383559375 0.2428505796875 0.1436185875 0.23142800000000002 0.143688109375 0.2157285296875 0.126255140625 0.1033740734375 0.1117545015625 0.0792467375 0.0848008015625 0.0688775234375 0.07351058125 0.070179428125 0.049106896875 0.062404162500000006 0.0212083921875 0.062155618749999995 0.0066002484375 0.2186367890625
4 0.6236124609375 0.41366450468749993 0.6932497078125001 0.41545363281250003 0.7007512421875 0.409871546875 0.70016666875 0.401178696875 0.6960114468749999 0.385870128125 0.6843546828125 0.37614364375 0.63307313125 0.372141603125 0.6230942578125 0.374351228125 0.616686034375 0.38317657031249996 0.614142328125 0.41042453593749995 0.6236124609375 0.41366450468749993
4 0.814013684375 0.37803895781249996 0.7906306375 0.37428546093750004 0.7523171953125 0.380917621875 0.749113084375 0.38533029218750003 0.7609878796875 0.3927212375 0.8207189250000001 0.395941475 0.8241410703125001 0.3891932640625 0.814013684375 0.37803895781249996
11 0.245634965625 0.40979071093749997 0.25583187500000004 0.405245546875 0.315780953125 0.4061302453125 0.35540574375 0.40040580312499996 0.35336446875 0.39236226093750004 0.34083242343750003 0.37705697968749996 0.22057087812499998 0.37918014843750003 0.19354765625 0.3845104015625 0.1888899984375 0.40449334062500003 0.193990028125 0.4096812359375 0.21897513124999998 0.411228396875 0.245634965625 0.40979071093749997
11 0 0.43626053125 0.06215070625 0.43114132187500004 0.0723476125 0.42659615625 0.0807149703125 0.3818299984375 0.071172159375 0.37936854375 0.069570103125 0.381574878125 0.0388308734375 0.381846440625 0.006925653125 0.379653259375 0 0.38142653437499996 0 0.43626053125
6 0.15442530000000002 0.354943340625 0.14502784375 0.3509248578125 0.13301084999999999 0.360011896875 0.1325021078125 0.3654614890625 0.142992878125 0.3727232296875 0.15872587968750002 0.36869488125 0.159670684375 0.358574209375 0.15442530000000002 0.354943340625