11 0 0.9908359499999999 0.49382539375 0.9937118640625 0.944772884375 0.9884646140625 0.9765088937499999 0.4927274234375 0.9772224609375 0.4774068296875 0.9734673578124999 0.47519068437499995 0.9575541140625001 0.48525856093749997 0.9369909703125 0.4812309015625 0.8980895984374999 0.48178593125 0.8824264359375 0.4879473609375 0.8699385 0.4878746328125 0.8594883265625001 0.477653221875 0.8385250515625 0.4798758796875 0.8248496328125 0.4766699140625 0.8172745906250001 0.46490208437499997 0.8088992828125001 0.4656348890625 0.8072116359375 0.47031454687499996 0.79447361875 0.47414826874999993 0.76959778125 0.47244023593750006 0.7608723578125 0.47864206875 0.6411930828125 0.48341615468750004 0.642093378125 0.469352940625 0.625442796875 0.469255971875 0.6168674249999999 0.473113934375 0.6101797640625 0.469167084375 0.602291709375 0.483971184375 0.581228403125 0.4877564203125 0.5581773484375 0.5009090546875 0.54137671875 0.503155953125 0.536963990625 0.5070381609375 0.50038756875 0.5146409578125 0.48893706562499994 0.5200453390625001 0.3227555515625 0.55737500625 0.31170518125 0.556529071875 0.25782796406249997 0.5741916671875 0.1428486 0.592279996875 0.117772696875 0.593697125 0.09368420937500001 0.6013726484374999 0.0891214328125 0.6075987234375 0.09629634687500001 0.6256168703125 0.09544606562499999 0.6388987937499999 0.10812115468750001 0.6577305546875001 0.11033315625 0.6882250937500001 0.105307321875 0.7233669671875 0.0935067015625 0.734240375 0.0709558140625 0.7395801125 0.04880505625 0.73866953125 0.026067014062499998 0.725250234375 0 0.731125846875 0 0.9908359499999999
2 0.8588639375 0.44404160625 0.8456386671875 0.43380403125000006 0.8414260062500001 0.4345610796875 0.8260000109375 0.45870025156249994 0.8320374578124999 0.47280386874999997 0.8471504390625 0.4752366265625 0.8615761046875001 0.466723246875 0.8588639375 0.44404160625
2 0.8531524921875 0.45545620624999994 0.843358034375 0.455399165625 0.8350782984375 0.45718995937500007 0.8379017953125001 0.46410270625 0.8397914046875 0.4728490265625 0.8443944203125 0.47747336718750005 0.8505491749999999 0.47061290937500005 0.8575201359375001 0.463757203125 0.8531524921875 0.45545620624999994
2 0.8208628609374999 0.43053342031249997 0.813474971875 0.437524621875 0.813962225 0.45159591875 0.821887384375 0.45789471875 0.8291252234375 0.453247384375 0.8315131015624999 0.4376296734375 0.8208628609374999 0.43053342031249997
2 0.81844351875 0.45748387343749997 0.8249375703125 0.45361378906249994 0.8270503578125 0.44229316875 0.8152812031250001 0.4418338390625 0.814806046875 0.4492560890625 0.81844351875 0.45748387343749997
4 0 0.72400890625 0.027804676562500002 0.7197892875 0.05341785 0.7316621671875 0.089744190625 0.7279658171875 0.103382503125 0.71006888125 0.10409564687499999 0.677246634375 0.0784340890625 0.57939956875 0.0672965984375 0.558232021875 0.0801846640625 0.5520544296875001 0.07732245 0.5317166578125 0.0678096765625 0.528534934375 0.0507589640625 0.53468828125 0.0438712375 0.5338665890625001 0.0058959890625 0.476590021875 0 0.4738569609375 0 0.72400890625
4 0.7127954171875001 0.4924305390625 0.7540217375 0.4989232765625 0.7571598625 0.47158622031249997 0.7337345015625 0.44722078749999994 0.6683696765625 0.4491848625 0.6476435703125001 0.4693852640625 0.649705525 0.502223671875 0.6621434453124999 0.5030776875 0.6835568656250001 0.49382342343749996 0.7127954171875001 0.4924305390625
12 0.36613584375 0.3567613390625 0.3437850203125 0.3589759171875 0.342534609375 0.37850815781249997 0.3561600109375 0.3824954140625 0.4117619796875 0.3812560640625 0.41321245624999997 0.3585986625 0.36613584375 0.3567613390625
4 0.8827265343749999 0.483259621875 0.8886768578125 0.477041628125 0.9414537140625001 0.47656740624999994 0.9481413734374999 0.4805142578125 0.9634044062499999 0.4806031453125 0.966192415625 0.45873511562499997 0.9553550218750001 0.4328798296875 0.9461423484375 0.42501036875000003 0.8892028468750001 0.425460346875 0.8804774265624999 0.43166218125 0.872589371875 0.44646628125000004 0.8690010984375001 0.48083494687500006 0.8827265343749999 0.483259621875
4 0.7877859593750001 0.47020141718749997 0.79888634375 0.4702660625 0.800336821875 0.4476086625 0.7847365875000001 0.431104609375 0.7444476671875 0.431651559375 0.73413463125 0.44097046874999996 0.7337845171875 0.44643949687499995 0.7587974921875 0.467687853125 0.7742605890625 0.46465158124999995 0.7877859593750001 0.47020141718749997
4 0.6498442953125 0.43500851718750005 0.6037551 0.4394295921875 0.5929919156250001 0.455780109375 0.5951668156250001 0.465171746875 0.6451185578125 0.465462653125 0.6659446953125 0.44369967343749994 0.6498442953125 0.43500851718750005
4 0.732446984375 0.44565012656249997 0.7375599421875 0.430829865625 0.7084214265625 0.43066017187499994 0.7005833875 0.44468298125 0.732446984375 0.44565012656249997
2 0.09288721250000001 0.44036233124999996 0.0857494046875 0.4434470859375 0.079148865625 0.459821846875 0.089949153125 0.46457422968750006 0.09996209218749999 0.4599430578125 0.099424821875 0.4466530515625 0.09288721250000001 0.44036233124999996
4 0 0.4725318359375 0.0032709406250000005 0.47422999218750006 0.011896328125 0.4695907375 0.0111719078125 0.4375417 0.0048843796875 0.42734453125 0 0.4253765125 0 0.4725318359375
4 0.27866864687500004 0.44378901875 0.2528554078125 0.43504129843749995 0.22465429218750002 0.44191129062499995 0.22122898281249997 0.45205189375000004 0.22380401249999998 0.4551932140625 0.2555675765625 0.4577229421875 0.2798061125 0.44770354843750004 0.27866864687500004 0.44378901875