4 0.43055555625 0.43203125 0.44305555625000004 0.43515625 0.4611111109375 0.43125 0.47361111093749997 0.434375 0.5263888890625 0.4296875 0.5319444437499999 0.43515625 0.54444444375 0.43515625 0.5486111109375 0.43203125 0.5638888890625 0.43515625 0.590277778125 0.43203125 0.65 0.43203125 0.7041666671875 0.4359375 0.7138888890625 0.4421875 0.715277778125 0.45546875 0.7236111109375 0.46484375 0.7430555562500001 0.46640625 0.75555555625 0.4625 0.765277778125 0.396875 0.7583333328124999 0.35 0.7597222218749999 0.28671875 0.7375 0.2828125 0.7180555562500001 0.2515625 0.702777778125 0.24140625 0.6388888890625 0.2359375 0.5388888890625 0.234375 0.42222222187499997 0.2390625 0.40833333281249995 0.24765625 0.375 0.303125 0.3638888890625 0.34375 0.36666666718749996 0.45859375 0.375 0.46640625 0.3958333328125 0.46640625 0.40416666718750005 0.46328125 0.40833333281249995 0.43984375 0.43055555625 0.43203125
4 0.6208333328125 0.3375 0.622222221875 0.35078125 0.6263888890625 0.33984375 0.6208333328125 0.3375
4 0.2875 0.278125 0.30555555624999997 0.28515625 0.3111111109375 0.2625 0.32083333281250004 0.24765625 0.3083333328125 0.2171875 0.290277778125 0.2078125 0.26527777812500003 0.2046875 0.2625 0.2 0.24444444375000002 0.20625 0.1888888890625 0.20625 0.1611111109375 0.228125 0.1513888890625 0.24921875 0.1513888890625 0.2828125 0.15694444375 0.28671875 0.16944444375 0.28671875 0.18055555625 0.278125 0.2125 0.275 0.2875 0.278125
4 0.40694444374999994 0.246875 0.415277778125 0.24140625 0.43958333281249995 0.2359375 0.540277778125 0.23203125 0.525 0.2234375 0.49583333281249997 0.2203125 0.397222221875 0.21953125 0.3611111109375 0.2234375 0.352777778125 0.2265625 0.3361111109375 0.246875 0.315277778125 0.26328125 0.3111111109375 0.275 0.3111111109375 0.3375 0.3138888890625 0.34375 0.3291666671875 0.34453125 0.3625 0.334375 0.372222221875 0.30390625 0.40694444374999994 0.246875
4 0.3763888890625 0.2 0.33055555625 0.19765625 0.309722221875 0.20078125 0.3013888890625 0.20546875 0.2986111109375 0.21015625 0.3291666671875 0.24921875 0.35 0.2296875 0.40416666718750005 0.21640625 0.39305555625 0.20390625 0.3763888890625 0.2
4 0.44166666718750003 0.20390625 0.4236111109375 0.1890625 0.3986111109375 0.18671875 0.375 0.18828125 0.36944444375 0.19140625 0.3638888890625 0.19765625 0.39444444375 0.203125 0.40555555625000006 0.2171875 0.43194444374999996 0.21796875 0.44166666718750003 0.2125 0.44166666718750003 0.20390625
4 0.4583333328125 0.18828125 0.45694444375 0.196875 0.46666666718750005 0.20703125 0.49583333281249997 0.2109375 0.4916666671875 0.18515625 0.46666666718750005 0.1828125 0.4583333328125 0.18828125
4 0.44166666718750003 0.21328125 0.4625 0.21640625 0.46527777812500004 0.2046875 0.45416666718750004 0.19375 0.43333333281249997 0.1921875 0.44166666718750003 0.21328125
4 0.275 0.1890625 0.2625 0.19609375 0.2638888890625 0.2046875 0.290277778125 0.20703125 0.3263888890625 0.196875 0.31805555625 0.18984375 0.3 0.18828125 0.275 0.1890625
7 0.109722221875 0.21484375 0.1166666671875 0.22421875 0.11805555625 0.225 0.12222222187500001 0.225 0.125 0.2234375 0.13055555624999998 0.2171875 0.13194444375 0.21015625 0.134722221875 0.20703125 0.134722221875 0.1984375 0.1263888890625 0.19296875 0.12222222187500001 0.19296875 0.1208333328125 0.1921875 0.11805555625 0.1921875 0.109722221875 0.19453125 0.10694444375 0.19609375 0.10694444375 0.2 0.10555555624999999 0.20078125 0.10833333281249999 0.20390625 0.10833333281249999 0.2109375 0.109722221875 0.21171875 0.109722221875 0.21484375
7 0.177777778125 0.209375 0.1888888890625 0.20390625 0.1888888890625 0.1890625 0.1861111109375 0.18515625 0.1833333328125 0.18359375 0.177777778125 0.18359375 0.172222221875 0.1859375 0.16944444375 0.1890625 0.172222221875 0.203125 0.17361111093749998 0.20390625 0.17361111093749998 0.20625 0.1763888890625 0.209375 0.177777778125 0.209375