4 1 0.3861493796875 0.9955960234375001 0.335750175 0.98094066875 0.3273668515625 0.9745882015625 0.318402225 0.9463889046875 0.2984213078125 0.9120196406250001 0.2874976265625 0.7831205906250001 0.294169796875 0.7130227546875 0.3045663078125 0.70111323125 0.3116730390625 0.6748452609375 0.34566082656249997 0.6425653234375 0.374580721875 0.653752946875 0.4388789796875 0.6747144671874999 0.43976376093749997 0.6850821781249999 0.4468790421875 0.6870788984375 0.4537962796875 0.7026413625 0.456627290625 0.71752281875 0.45166483125 0.72369278125 0.44260759531250005 0.75345569375 0.4326826796875 0.8530222375 0.42492768437499995 0.9377073250000001 0.4221351484375 0.9545855031249999 0.424089928125 0.975389021875 0.4390998375 1 0.43671114062500005 1 0.3861493796875
4 0.2215888046875 0.3687690765625 0.2319102140625 0.3594211875 0.2637379484375 0.35719285625 0.3240591796875 0.3623790078125 0.3250098859375 0.32545904999999997 0.317840209375 0.30714226093749997 0.30450056875 0.29788270625 0.2862385765625 0.2960248109375 0.22383072187500003 0.298825896875 0.20525273125000001 0.32521825781249997 0.20872587187499997 0.36496495 0.2215888046875 0.3687690765625
4 0.532786365625 0.31326449218749997 0.538822834375 0.3504793765625 0.5446304937499999 0.353209228125 0.552797178125 0.3510692296875 0.5738268015625 0.3527333578125 0.5894110625 0.339880546875 0.5975777484375 0.3377405484375 0.6285664734374999 0.3418438765625 0.63167460625 0.3455468421875 0.6476674734375 0.33737011250000004 0.6692419015625 0.345269015625 0.69038321875 0.3163448453125 0.6883183953125 0.3086482609375 0.6774957796875001 0.280393728125 0.6590512828125 0.2605139703125 0.62418351875 0.2598186828125 0.5718709703125 0.2666176609375 0.55726191875 0.2746975078125 0.5504572484375 0.29242444375 0.532786365625 0.31326449218749997
4 0.45497675156249995 0.346940253125 0.467090578125 0.3421715625 0.5350336921875 0.338982940625 0.534487984375 0.3168045625 0.5468506125 0.29894987031250003 0.5419718578125 0.274983884375 0.5190136171875 0.267181865625 0.5037235546875001 0.2674682421875 0.45397433437499995 0.2717354125 0.43791336562499994 0.27913279687500003 0.430473990625 0.3055294328125 0.4368509625 0.34664105156249997 0.45497675156249995 0.346940253125
4 0.357608528125 0.31611971250000004 0.4133016109375 0.31614108750000003 0.41906297031250006 0.3024077703125 0.41432041875000003 0.2800004765625 0.4081041515625 0.27259454375000003 0.3981450484375 0.27015534375 0.331721953125 0.2748057765625 0.31647819374999997 0.291555321875 0.324396978125 0.318444928125 0.33995944218749996 0.3212759390625 0.357608528125 0.31611971250000004
4 0.20046657968749998 0.334178609375 0.21614074218749998 0.3064213234375 0.21414402031250002 0.299504084375 0.20114488281249998 0.294141265625 0.1486280328125 0.298602203125 0.1285981265625 0.3243121015625 0.132727771875 0.339705271875 0.1467702171875 0.3410744734375 0.156116415625 0.33649955 0.20046657968749998 0.334178609375
4 0.8952994656250001 0.27141771718749996 0.8762420625 0.2445238359375 0.8055313203125 0.2479062265625 0.7916713765625001 0.2645588890625 0.7869996296874999 0.29076175625 0.7969587359375 0.29320095625000003 0.89666148125 0.28700465625 0.8952994656250001 0.27141771718749996
4 0.08109352656249999 0.30646690625 0.07653347656250001 0.30208147812499997 0.060766709375000005 0.2969124265625 0.0345423359375 0.29953256875 0.0352233421875 0.3073260375 0.05872639375000001 0.3213628328125 0.07435695625 0.324973190625 0.08107172812499999 0.3221507296875 0.08109352656249999 0.30646690625
7 0.7412193484375 0.2767164125 0.7288549171875001 0.2626838921875 0.7203477265625 0.26092715625 0.70385635625 0.2793322796875 0.7063760859375 0.308168115625 0.7360027953125 0.2966845046875 0.7433522734375 0.28519234375 0.7412193484375 0.2767164125
7 0.9469991046875 0.257604615625 0.938423815625 0.2550685328125 0.9274895000000001 0.2574022984375 0.918053403125 0.2768816953125 0.9201182265625001 0.28457828125 0.9402407374999999 0.291794721875 0.951967759375 0.2666661265625 0.9469991046875 0.257604615625
7 0.9880831375 0.2657058375 0.9658522062499999 0.28216045625 0.9576855203125 0.2843004546875 0.9540107828125001 0.290046534375 0.9593880406249999 0.3037841265625 0.9724552781250001 0.30992629374999997 0.99300819375 0.3061349921875 0.9880831375 0.2657058375
7 0.1148035765625 0.293913296875 0.097244390625 0.2841650484375 0.0930248484375 0.283676353125 0.083951053125 0.2913686640625 0.0822730390625 0.3040319828125 0.0912569328125 0.311244146875 0.1070236984375 0.3164131984375 0.11582509062499999 0.3056035015625 0.1148035765625 0.293913296875
7 0.114713678125 0.308817771875 0.1133516609375 0.29323083437499997 0.1074759 0.2897216359375 0.0991730125 0.2903029390625 0.091551134375 0.2986777125 0.09098452812499999 0.308126759375 0.1014203390625 0.31602138750000003 0.10833941250000001 0.3155369671875 0.114713678125 0.308817771875
7 0.199488665625 0.2911207609375 0.2156640375 0.30096589375 0.22072259062500002 0.2951229296875 0.21747825468749998 0.28986126875 0.20454721875 0.285277796875 0.199488665625 0.2911207609375