2 0.7720123906249999 0.729694315625 0.7785817671874999 0.7295895515625 0.782074040625 0.7227696515625001 0.7892595671875 0.7177647234375 0.7861633234375 0.710227221875 0.7874243328125 0.701660446875 0.775661434375 0.6982374124999999 0.76031055625 0.697522434375 0.7545870171875 0.7025954546875 0.755557271875 0.7129091078124999 0.7579225218750001 0.7204125609375 0.7725806875 0.7227382312499999 0.7720123906249999 0.729694315625
2 0.6569628390625 0.6807975203125001 0.656432821875 0.6893983421875001 0.663895890625 0.6963177546875 0.6727348156249999 0.699604603125 0.6776795046874999 0.6924416124999999 0.678921375 0.6830524703124999 0.6569628390625 0.6807975203125001
2 0.7959378609375001 0.69096703125 0.7946385703125001 0.69788906875 0.8035540546875 0.7044653921874999 0.8102095671875 0.7080612859375 0.8166258171875 0.7013775734375 0.8171749734375 0.6935991203125 0.7959378609375001 0.69096703125
4 0.8224006703125 0.7016465421875 0.8253057343749999 0.70724466875 0.8188886203125 0.7295774765624999 0.8221573609374999 0.750800603125 0.8263967624999999 0.75411966875 0.844470503125 0.7557418703125001 0.8527311 0.7530050015625 0.8763603953124999 0.75488595625 0.8832139218749999 0.7513031484375 0.8970664421875 0.7503875343749999 0.9096391781250001 0.75409473125 0.9234735140625 0.752397865625 0.93328665625 0.7567569359374999 0.9625078734375 0.7604591453125 0.967899775 0.75368665 0.9658017187500001 0.7231532109375001 0.9465096640624999 0.669187259375 0.9367874421875 0.668734440625 0.92834500625 0.663658809375 0.8519561171875001 0.6601009390625 0.83568949375 0.6765121765625 0.8332753937499999 0.6920078000000001 0.8224006703125 0.7016465421875
4 1 0.676207115625 0.96748846875 0.6764075875 0.955206675 0.685200390625 0.958257209375 0.69704851875 0.986162271875 0.7038110390625001 1 0.7025984953125 1 0.676207115625
4 0.2296291359375 0.745834846875 0.23523924375 0.74843735 0.2504806515625 0.7475864249999999 0.257243259375 0.7400973671875 0.2699069140625 0.7477108140625 0.2782220625 0.7473176953125 0.28770789531249996 0.737614265625 0.30850486250000003 0.73702209375 0.3612826390625 0.7394802578124999 0.3780038578125 0.7426002703125001 0.3864826609375 0.7492384015625 0.397630140625 0.7513184093749999 0.4059452890625 0.750925290625 0.41002103749999996 0.74721310625 0.426687703125 0.74798936875 0.43131588593750003 0.7084043734375001 0.42133909062499997 0.697014053125 0.38029759375 0.6623255859375 0.3010945578125 0.6570758390625 0.267870328125 0.6602108140625 0.2472733828125 0.6693967359374999 0.22691282968749998 0.6887389078124999 0.222048259375 0.718167653125 0.2296291359375 0.745834846875
4 0.4761421890625 0.72688065625 0.495495715625 0.723880046875 0.493452209375 0.6956903578125 0.460798596875 0.6637337718749999 0.4190773796875 0.659449365625 0.38587133125 0.663365590625 0.4284471890625 0.704368746875 0.43433005312499995 0.7186899999999999 0.45026590781250003 0.7178714187499999 0.4761421890625 0.72688065625
4 0.5950593046875 0.7097876203125 0.613096675 0.709847321875 0.63533708125 0.7116635890625 0.6437977015625 0.7175204703125 0.65214921875 0.7186898515625 0.656170415625 0.7126339171875 0.6529380421875 0.6929732890625 0.6357985968750001 0.6718845265625 0.5913177859375 0.66825199375 0.581704665625 0.6724866734375 0.5722733828125001 0.6845338546875 0.570186590625 0.714091978125 0.5785381078125 0.7152613578125 0.5950593046875 0.7097876203125
4 0.588467271875 0.6649976171875001 0.5717642374999999 0.6626588546875001 0.5509490875 0.6624697765625001 0.5440773796875 0.6652713343750001 0.534737015625 0.6812247640625 0.537805734375 0.693854140625 0.5683067390625001 0.6929335390625 0.574905690625 0.67841323125 0.588467271875 0.6649976171875001
4 0.1695865265625 0.6696804281250001 0.1651289171875 0.6569863625 0.10124002812499999 0.6540106890625 0.0989350296875 0.6741938125 0.1050542828125 0.6986713171875001 0.164667403125 0.6967654234375 0.171339090625 0.6853701171875 0.1695865265625 0.6696804281250001
4 0.7578207984375 0.66898336875 0.75219250625 0.6655996140625 0.736914728125 0.664888040625 0.7272652421875 0.6675602203125 0.7205208203125 0.675830528125 0.723607721875 0.6892411546874999 0.7486259046875 0.6911867984375 0.7578207984375 0.66898336875
4 0.7120783828125 0.670754896875 0.705006653125 0.6649627046875 0.6924521015625 0.6620367578125 0.674451096875 0.66353955625 0.6861259046875 0.6882758140624999 0.7111259046875 0.6894402078125 0.7178521453125 0.6803886515625 0.7120783828125 0.670754896875
4 0.6343733406250001 0.6702573390625 0.644241034375 0.6769601578125 0.6470915453125 0.6802145359375 0.6471279125 0.6817770359375 0.65134913125 0.6843148515624999 0.65281075625 0.6875045390625 0.655588534375 0.6876339171875 0.6554612468750001 0.6821651671875 0.656831953125 0.6814486046875 0.656741034375 0.6775423546875 0.6553157765625001 0.6759151671875 0.6566864828125001 0.6751986046875 0.65663193125 0.6728548546875001 0.6580026359375 0.67213829375 0.657948084375 0.6697945437499999 0.6593187890625 0.6690779828125 0.6578389828125 0.66510704375 0.652228875 0.6625045390625 0.6480622078125 0.6623104734374999 0.6466915015625 0.6630270359375 0.641135946875 0.66276828125 0.638376353125 0.6634201546875 0.6342824203124999 0.6663510890625 0.6343733406250001 0.6702573390625
4 0.5940046437500001 0.6644751203125 0.5940410125 0.6660376203125 0.596836971875 0.6669482484375 0.607948084375 0.66746575625 0.60935515625 0.6683116953125 0.6301884906249999 0.6692820234375 0.6329117171875 0.66706765 0.6328207984375 0.6631614 0.6285995796875 0.660623584375 0.6271561390625 0.6582151453125 0.62434199375 0.65652326875 0.60489755 0.6556176296875 0.6021379546875 0.6562695015625 0.5993965453125 0.657702625 0.5966915015625001 0.6606982484375 0.5967278703125001 0.6622607484375 0.5940046437500001 0.6644751203125
4 0.8103076343750001 0.6589415328125 0.8089732968750001 0.6612205953125 0.8048611828125001 0.6633702796875001 0.80347229375 0.663305590625 0.802119771875 0.6648034015625 0.8021743234375001 0.6671471515625 0.8106349421875001 0.6730040328125 0.8178339609374999 0.6842649765625 0.8220551781250001 0.6868027921875 0.8220733609374999 0.6875840421875 0.826185478125 0.6854343578125001 0.8260218234375 0.6784031078125 0.8300793875 0.6739096734375 0.8313591734375001 0.6692868609375 0.8327298796875 0.6685703000000001 0.8298975499999999 0.6660971734375 0.8298611828125001 0.6645346734375 0.8243056265625001 0.66427591875 0.8214914796875 0.6625840421875 0.8214187453124999 0.6594590421875 0.818622784375 0.6585484140625 0.8144561171875001 0.6583543484375001 0.8130854125000001 0.6590709109375 0.8103076343750001 0.6589415328125
4 0.030774714062500003 0.785738446875 0.040387834375 0.7815037671875 0.051589864062500004 0.785927525 0.0601595875 0.7964719062500001 0.07404847656249999 0.7971187921875 0.0836797796875 0.7936653609375 0.0868645203125 0.7516719265625 0.060737125 0.7020700328125 0.0438886203125 0.6934812703125 0.0226006921875 0.6729796921875 0.017026953125 0.6719396890625 0.02008183125 0.8031896890624999 0.0256192015625 0.8026671921874999 0.030774714062500003 0.785738446875
4 0.1863259265625 0.6735816906250001 0.186380478125 0.675925440625 0.192026953125 0.6800904453125 0.1935613125 0.6864051328125 0.19498656875 0.688032321875 0.1977825296875 0.6889429484375 0.20333808593749997 0.689201703125 0.20474515937499999 0.690047640625 0.21307849218750002 0.690435771875 0.2129512046875 0.684967021875 0.2143219109375 0.6842504609375 0.2142128078125 0.6795629609375 0.2155835125 0.6788464000000001 0.21545622656250002 0.67337765 0.2126057125 0.670123271875 0.21121682343749998 0.670058584375 0.205588534375 0.6666748296875 0.20690468750000002 0.66361451875 0.20827539375 0.6628979578124999 0.20546124687499998 0.6612060796875 0.1888127640625 0.6612110671875 0.18331176093749998 0.6632960640625 0.18199560625 0.666356375 0.1834026796875 0.6672023140625 0.184918853125 0.6727357515625 0.1863259265625 0.6735816906250001
4 0.0222915671875 0.6596984421875 0.020939046875 0.6611962546875 0.023789559374999998 0.66445063125 0.0239168453125 0.66991938125 0.029654239062499997 0.6779906359375001 0.033839090625 0.6789659515625 0.0394855640625 0.6831309546875 0.0478734484375 0.6858628359375001 0.047946184375 0.6889878359375 0.046557296875 0.6889231484375 0.045204775 0.690420959375 0.0466118484375 0.6912668984375 0.049389625 0.691396275 0.0591845828125 0.6949740953125 0.061944175000000004 0.694322221875 0.06318759375 0.6881369109375 0.065874453125 0.6843600375000001 0.0644310125 0.6819515984375 0.0616168671875 0.680259721875 0.0643219109375 0.6772640984375 0.0640855203125 0.6671078484375 0.0612350078125 0.663853471875 0.052901675 0.663465340625 0.0431067171875 0.6598875203125 0.0347915671875 0.6602806390625 0.0333844953125 0.6594347015625 0.02644005 0.6591112578125 0.0222915671875 0.6596984421875
4 0.249942059375 0.6648386125 0.2705571875 0.656433940625 0.2524470796875 0.653249240625 0.23587133124999998 0.6563792281249999 0.249942059375 0.6648386125