12 0.661474559375 0.603125 0.65628245 0.603125 0.647975078125 0.60546875 0.6469366562500001 0.6359375 0.6510903421875 0.63984375 0.659397715625 0.63984375 0.6635514015624999 0.63515625 0.661474559375 0.603125
12 0.6438213921875 0.63515625 0.6427829703125 0.60546875 0.633437175 0.60234375 0.6272066453125 0.60234375 0.620976115625 0.60234375 0.6168224296875 0.60546875 0.6157840078125 0.63359375 0.6199376953125 0.63984375 0.6396677046875 0.6390625 0.6438213921875 0.63515625
14 0.43925233593749996 0.4875 0.436137071875 0.49375 0.43925233593749996 0.5 0.479750778125 0.5 0.4787123578125 0.48984375 0.44236760156250005 0.4875 0.43925233593749996 0.4875
11 0 0.99921875 0.9989615781250001 0.99921875 0.9989615781250001 0.83828125 0.99065420625 0.83046875 0.9948078921875 0.82578125 0.9916926265624999 0.8203125 0.974039459375 0.825 0.9688473515625 0.82265625 0.966770509375 0.81328125 0.962616821875 0.81015625 0.9584631359375001 0.8125 0.9491173421875001 0.809375 0.931464175 0.80859375 0.9273104875 0.80546875 0.9231568015624999 0.8078125 0.907580478125 0.80703125 0.903426790625 0.8015625 0.892004153125 0.8 0.8857736234375 0.79453125 0.8764278296875 0.79453125 0.87227414375 0.796875 0.8691588781249999 0.79453125 0.8546209765624999 0.79375 0.8452751812500001 0.79765625 0.8411214953125 0.79453125 0.8400830734375001 0.78359375 0.8296988578125 0.7828125 0.8234683281249999 0.77890625 0.8078920046875 0.7796875 0.802699896875 0.775 0.798546209375 0.77734375 0.78608515 0.775 0.766355140625 0.77578125 0.7601246109375001 0.77109375 0.7403946 0.76796875 0.7320872281249999 0.759375 0.716510903125 0.7578125 0.7133956390625 0.75546875 0.716510903125 0.75390625 0.7133956390625 0.746875 0.6988577359375 0.74765625 0.691588784375 0.74375 0.684319834375 0.7484375 0.6780893046875 0.74375 0.6728971968749999 0.7453125 0.6666666671875 0.7390625 0.6625129796875 0.7421875 0.65835929375 0.74140625 0.6531671859375 0.7359375 0.6552440296875 0.72578125 0.6448598125 0.715625 0.6220145375 0.71171875 0.59709241875 0.703125 0.6033229484375 0.69296875 0.5991692625 0.68984375 0.5991692625 0.684375 0.5919003109375 0.68203125 0.5877466250000001 0.67734375 0.5794392515625 0.67421875 0.5628245062499999 0.67578125 0.5565939765625 0.67265625 0.5327102796875 0.675 0.5212876421875 0.665625 0.520249221875 0.665625 0.5088265828125 0.66796875 0.49844236718749996 0.675 0.4620976109375 0.67578125 0.4434060234375 0.68515625 0.43509865000000003 0.68125 0.4205607484375 0.68046875 0.36656282500000004 0.684375 0.3603322953125 0.6875 0.34994807968749997 0.70859375 0.3354101765625 0.71640625 0.3219106953125 0.71640625 0.3146417453125 0.7125 0.3125649015625 0.70390625 0.306334371875 0.7015625 0.29075804843749997 0.7015625 0.27518172343749997 0.6921875 0.2596054 0.69609375 0.2388369671875 0.696875 0.2253374875 0.70234375 0.2035306328125 0.69921875 0.15368639687500002 0.70390625 0.0955347875 0.7046875 0.07995846250000001 0.70234375 0.0737279328125 0.70546875 0.056074765625 0.7046875 0.0519210796875 0.709375 0.038421598437499996 0.71015625 0.0321910703125 0.71328125 0.0290758046875 0.71171875 0.0176531671875 0.7203125 0.0083073734375 0.71953125 0 0.7234375 0 0.99921875
7 0.3167185875 0.6984375 0.3219106953125 0.7125 0.3354101765625 0.7125 0.33956386250000004 0.70234375 0.3468328140625 0.70234375 0.34994807968749997 0.69921875 0.352024921875 0.6734375 0.3572170296875 0.6671875 0.3572170296875 0.6578125 0.34371755 0.640625 0.340602284375 0.63046875 0.3354101765625 0.63046875 0.33021806875 0.63828125 0.317757009375 0.64453125 0.3125649015625 0.653125 0.3115264796875 0.6703125 0.3167185875 0.67890625 0.3167185875 0.6984375
7 0.30218068593749997 0.69609375 0.3104880578125 0.67109375 0.3104880578125 0.653125 0.30737279375000004 0.6421875 0.30321910625 0.63984375 0.2990654203125 0.63984375 0.29387331250000004 0.64765625 0.283489096875 0.65390625 0.28037383125000004 0.66171875 0.2866043609375 0.69296875 0.29387331250000004 0.6984375 0.30218068593749997 0.69609375
7 0.4527518171875 0.6640625 0.44859813125 0.65390625 0.4434060234375 0.65234375 0.44132917968749996 0.65234375 0.438213915625 0.66015625 0.438213915625 0.67734375 0.44236760156250005 0.68203125 0.4465212875 0.68203125 0.4517133953125 0.6765625 0.4527518171875 0.6640625
7 0.49117341718749996 0.66875 0.4974039453125 0.67265625 0.5036344749999999 0.665625 0.495327103125 0.65546875 0.49428868125000003 0.65546875 0.49117341718749996 0.66875
7 0.8515057109375 0.7015625 0.8650051921875 0.70234375 0.8691588781249999 0.69375 0.8691588781249999 0.678125 0.8525441328125 0.6578125 0.848390446875 0.6578125 0.8400830734375001 0.66484375 0.8390446515625 0.6796875 0.8348909656249999 0.68359375 0.8307372796875001 0.70078125 0.8390446515625 0.70625 0.8515057109375 0.7015625
7 0.9376947046874999 0.703125 0.9356178609375 0.71328125 0.9387331250000001 0.71953125 0.9563862921874999 0.721875 0.9709241953125 0.71015625 0.985462096875 0.71484375 0.9989615781250001 0.7140625 0.9989615781250001 0.6921875 0.9958463140625 0.68984375 0.9927310484375 0.67578125 0.9875389406249999 0.67265625 0.9844236765625001 0.67265625 0.9678089296874999 0.67578125 0.9605399796875 0.68203125 0.9595015578125 0.6921875 0.955347871875 0.6953125 0.9460020765625 0.69609375 0.9376947046874999 0.703125
6 0.21391485000000002 0.69765625 0.2211838 0.69921875 0.22845275156249997 0.6953125 0.233644859375 0.67265625 0.237798546875 0.6671875 0.236760125 0.65 0.2305295953125 0.6421875 0.2315680171875 0.63671875 0.22845275156249997 0.63359375 0.2253374875 0.63359375 0.222222221875 0.63984375 0.21495327031250003 0.64296875 0.2097611625 0.65625 0.21287642812500002 0.6765625 0.210799584375 0.6921875 0.21391485000000002 0.69765625
4 0.5482866046875 0.65546875 0.5472481828125 0.65546875 0.5358255453125 0.65703125 0.531671859375 0.66015625 0.5327102796875 0.671875 0.5503634468749999 0.67109375 0.5534787125 0.66171875 0.5482866046875 0.65546875
4 0.5773624093749999 0.6546875 0.5628245062499999 0.6578125 0.5628245062499999 0.671875 0.5835929390625 0.671875 0.58566978125 0.659375 0.5804776734375 0.6546875 0.5773624093749999 0.6546875