7 0.3561786078125 0.78359375 0.35306334375000004 0.81015625 0.3572170296875 0.8171875 0.3551401875 0.834375 0.36863966718749996 0.8390625 0.3707165109375 0.85 0.374870196875 0.85390625 0.3800623046875 0.8515625 0.38213914843749996 0.84375 0.388369678125 0.83671875 0.4039460015625 0.834375 0.409138109375 0.78515625 0.41433021875 0.77890625 0.409138109375 0.759375 0.39563862968749997 0.74765625 0.3914849421875 0.73515625 0.3842159921875 0.73515625 0.3811007265625 0.7359375 0.376947040625 0.74609375 0.363447559375 0.75234375 0.35306334375000004 0.7671875 0.35306334375000004 0.77890625 0.3561786078125 0.78359375
7 0.17653167187500002 0.7671875 0.1734164078125 0.79296875 0.1806853578125 0.80625 0.1806853578125 0.8140625 0.1848390453125 0.8171875 0.197300103125 0.8125 0.21183800625 0.8140625 0.21391485000000002 0.81015625 0.2170301140625 0.78984375 0.224299065625 0.77109375 0.2201453796875 0.7625 0.2097611625 0.75234375 0.20872274218750003 0.74375 0.2066458984375 0.74375 0.20145379062500002 0.75078125 0.1962616828125 0.746875 0.18899273125 0.74765625 0.18899273125 0.7546875 0.1806853578125 0.76015625 0.17653167187500002 0.7671875
7 0.33956386250000004 0.7921875 0.34371755 0.78359375 0.34164070625 0.775 0.3457943921875 0.77109375 0.33437175468749997 0.75078125 0.3333333328125 0.75 0.319833853125 0.765625 0.319833853125 0.79140625 0.32294911718749997 0.79765625 0.327102803125 0.79921875 0.33437175468749997 0.7984375 0.33956386250000004 0.7921875
11 0 0.996875 0.00207684375 0.99921875 0.9989615781250001 0.99921875 0.9989615781250001 0.9375 0.9958463140625 0.93515625 0.9937694703125001 0.91953125 0.9823468328124999 0.91953125 0.9428868125 0.90703125 0.9387331250000001 0.9078125 0.931464175 0.903125 0.903426790625 0.89765625 0.8774662515625 0.88671875 0.8400830734375001 0.8796875 0.8213914843750001 0.871875 0.8099688468749999 0.8734375 0.8047767390624999 0.86875 0.798546209375 0.8703125 0.7912772578125 0.8640625 0.7840083078125 0.8640625 0.7694704046874999 0.85625 0.71962616875 0.85 0.70820353125 0.84375 0.6635514015624999 0.83125 0.65835929375 0.82578125 0.6064382140625 0.815625 0.5960539984375 0.80859375 0.5680166140625 0.79921875 0.5628245062499999 0.79453125 0.541017653125 0.790625 0.5285565937500001 0.784375 0.5015576328125 0.78125 0.49428868125000003 0.78125 0.4890965734375 0.78671875 0.48182762187500006 0.7875 0.4652128765625 0.78671875 0.45898234687499995 0.7828125 0.44963655312500006 0.78515625 0.43925233593749996 0.78203125 0.4267912765625 0.78203125 0.41536863906250004 0.78671875 0.4164070609375 0.80234375 0.42159916875 0.80625 0.41536863906250004 0.8078125 0.41017653125000003 0.81796875 0.409138109375 0.834375 0.4039460015625 0.83984375 0.388369678125 0.84140625 0.38733125625 0.8484375 0.37590861875 0.85625 0.36863966718749996 0.8546875 0.36448598125 0.84921875 0.36656282500000004 0.840625 0.352024921875 0.8359375 0.34994807968749997 0.81015625 0.342679128125 0.80625 0.34787123593749997 0.78984375 0.331256490625 0.80390625 0.3208722734375 0.8015625 0.3136033234375 0.790625 0.3104880578125 0.7953125 0.306334371875 0.7921875 0.30321910625 0.79609375 0.2897196265625 0.79453125 0.29179646875 0.7984375 0.2855659390625 0.8 0.22845275156249997 0.803125 0.2201453796875 0.8078125 0.2170301140625 0.8171875 0.2097611625 0.81953125 0.1848390453125 0.8203125 0.1692627203125 0.8140625 0.1578400828125 0.8171875 0.12668743437500002 0.81796875 0.1121495328125 0.82265625 0.0955347875 0.821875 0.0550363453125 0.82578125 0.0404984421875 0.8296875 0.0321910703125 0.8296875 0.025960540625 0.82578125 0.02076843125 0.82578125 0.012461059375 0.83671875 0.012461059375 0.853125 0.007268951562500001 0.8609375 0.009345793750000001 0.884375 0.0062305296875 0.896875 0 0.90234375 0 0.9375 0.0031152640625 0.94609375 0 0.95078125 0.0031152640625 0.95390625 0 0.95703125 0 0.996875
7 0.4506749734375 0.76328125 0.44444444375 0.76953125 0.4465212875 0.78046875 0.4517133953125 0.78046875 0.4548286609375 0.77734375 0.4548286609375 0.76640625 0.4506749734375 0.76328125
7 0.062305295312499995 0.746875 0.0539979234375 0.74375 0.0519210796875 0.74375 0.0404984421875 0.7484375 0.037383178125 0.7578125 0.0321910703125 0.759375 0.056074765625 0.759375 0.061266875 0.75546875 0.062305295312499995 0.746875
7 0 0.89609375 0.0031152640625 0.87578125 0.00207684375 0.84921875 0.007268951562500001 0.8328125 0.014537903125000001 0.821875 0.0114226375 0.8140625 0.0197300109375 0.81015625 0.021806853125 0.80625 0.015576323437500001 0.8015625 0.009345793750000001 0.8015625 0 0.80390625 0 0.89609375
7 0 0.78203125 0.009345793750000001 0.78125 0.014537903125000001 0.7859375 0.0425752859375 0.7859375 0.044652128125 0.7828125 0.0404984421875 0.7765625 0.033229490625000004 0.7734375 0.0269989609375 0.7625 0.001038421875 0.7375 0 0.7375 0 0.78203125
4 0.47507788125 0.765625 0.46625129843749996 0.7671875 0.46625129843749996 0.78359375 0.4880581515625 0.7828125 0.4880581515625 0.77109375 0.48182762187500006 0.765625 0.47507788125 0.765625
4 0.5140186921875001 0.76484375 0.5098650046875 0.76484375 0.5025960546875 0.771875 0.5015576328125 0.77578125 0.504672896875 0.77890625 0.520249221875 0.77734375 0.520249221875 0.76875 0.5140186921875001 0.76484375
11 0.65628245 0.78515625 0.634475596875 0.784375 0.6303219109375 0.78984375 0.625129803125 0.78984375 0.6188992734375 0.78359375 0.61266874375 0.78203125 0.6105919 0.78203125 0.6105919 0.79453125 0.6188992734375 0.7984375 0.6313603328124999 0.79765625 0.65835929375 0.80546875 0.6625129796875 0.79453125 0.65628245 0.78515625
7 0.626168225 0.7859375 0.6303219109375 0.78515625 0.632398753125 0.7796875 0.6292834890625 0.7703125 0.625129803125 0.7703125 0.626168225 0.7859375
11 0.743509865625 0.81796875 0.7445482859375 0.81328125 0.7403946 0.80546875 0.73104880625 0.796875 0.69678089375 0.7890625 0.682242990625 0.78828125 0.68120456875 0.78828125 0.6770508828125 0.80078125 0.6770508828125 0.81015625 0.68120456875 0.8140625 0.693665628125 0.8109375 0.7352024921875 0.8203125 0.743509865625 0.81796875
11 0.8753894078125001 0.84296875 0.8764278296875 0.8453125 0.8795430937500001 0.83515625 0.8826583593749999 0.83359375 0.8785046734374999 0.821875 0.8847352031250001 0.81796875 0.8816199375 0.81328125 0.8764278296875 0.809375 0.87227414375 0.8125 0.86812045625 0.809375 0.8566978187500001 0.8109375 0.8525441328125 0.8078125 0.8494288687499999 0.809375 0.8431983390625 0.80625 0.832814121875 0.80625 0.8255451718750001 0.80625 0.8151609546874999 0.821875 0.83385254375 0.83125 0.8411214953125 0.828125 0.8411214953125 0.8375 0.8525441328125 0.8421875 0.8753894078125001 0.84296875
11 0.9470404984374999 0.82421875 0.9387331250000001 0.82421875 0.9345794390625001 0.82734375 0.931464175 0.825 0.9273104875 0.8265625 0.9158878500000001 0.8234375 0.9158878500000001 0.8265625 0.919003115625 0.82578125 0.9221183796875 0.82890625 0.9231568015624999 0.85625 0.9366562828125 0.85859375 0.9823468328124999 0.859375 0.985462096875 0.8671875 0.9958463140625 0.86796875 0.9989615781250001 0.86484375 0.9937694703125001 0.8609375 0.9948078921875 0.85703125 0.99065420625 0.853125 0.9989615781250001 0.84921875 0.9948078921875 0.8453125 0.9989615781250001 0.84140625 0.9937694703125001 0.8375 0.9989615781250001 0.834375 0.9989615781250001 0.82578125 0.989615784375 0.82578125 0.985462096875 0.821875 0.9813084109375 0.8265625 0.9792315687500001 0.821875 0.9771547249999999 0.821875 0.974039459375 0.8265625 0.9709241953125 0.82265625 0.9657320875 0.8265625 0.95430945 0.8234375 0.9501557625 0.8265625 0.9470404984374999 0.82421875