2 0.7269615984375 0.709516178125 0.7346905718750001 0.704559928125 0.7323759421875 0.6970145796875 0.7345379484375 0.6884667578125 0.7231026046875 0.684979765625 0.7077860312500001 0.6841762390625 0.70151578125 0.689209015625 0.7014078984375 0.6995143609375 0.7029931671874999 0.707021446875 0.717446421875 0.7094294421875 0.7161477359374999 0.71637279375 0.7227454718749999 0.71630648125 0.7269615984375 0.709516178125
2 0.611242509375 0.6824109734375 0.6197604109375 0.6857449140625 0.6254687484375 0.67862045625 0.6276977328125 0.66925126875 0.6059173828125 0.6668713265624999 0.6044847375 0.6754574109375 0.611242509375 0.6824109734375
2 0.7504164328125 0.6913619609375 0.7567127625000001 0.6949917937500001 0.7638463328125 0.6883545468750001 0.7652119953125001 0.680589828125 0.744194496875 0.6778374656249999 0.7421664531250001 0.684742553125 0.7504164328125 0.6913619609375
4 0.93866729375 0.7829422140625 0.9437013921874999 0.7894753984375 0.9547876734375 0.790056996875 0.9606557499999999 0.7010303062500001 0.951768365625 0.707616790625 0.942322390625 0.7039866984375001 0.9296594328125 0.7056732953125 0.9265697109375 0.709429384375 0.9440122453124999 0.7173971671875 0.9463384015624999 0.7230046531250001 0.940031696875 0.7320774328125 0.9384409390625 0.7515848859375 0.93866729375 0.7829422140625
4 0.7631602328125 0.7165294609374999 0.764213784375 0.737742909375 0.7681166171875 0.7410822015625 0.7860681953124999 0.7428076 0.7946374265625 0.74012260625 0.8181321453124999 0.7421388015625 0.8253792234375 0.7386008109375 0.8393643375 0.7377672140625 0.8515818828124999 0.74154270625 0.865630625 0.739928809375 0.8750129703124999 0.7443392015625 0.9039235671875 0.7482067921875 0.9100393828125 0.741474909375 0.9111351828125 0.71097058125 0.8974468375000001 0.6569652078125 0.8877463421874999 0.6564563062500001 0.8798134140625 0.6513383187499999 0.8035952265624999 0.6473398234375 0.785565934375 0.663633984375 0.7815217578125 0.6790945484375001 0.7696082796875 0.688656825 0.7719344390625 0.6942643140625 0.7631602328125 0.7165294609374999
4 0.9063060593750001 0.684857240625 0.9335763484375 0.6917733265625 0.9629959906250001 0.689398534375 0.9622605921874999 0.6642835921875 0.917724575 0.6642980890625 0.90448894375 0.67300736875 0.9063060593750001 0.684857240625
4 0.1913613625 0.731199496875 0.1989265921875 0.7237600140625 0.2108259859375 0.7314369968750001 0.21920432812500001 0.731092896875 0.22973201875 0.7214579203125 0.2506460578125 0.7209878234375 0.30330589531249996 0.72375041875 0.3197444265625 0.7269637125 0.3275500953125 0.733642296875 0.3385091171875 0.73578449375 0.34688745781249997 0.73544039375 0.351362965625 0.731757003125 0.3679923875 0.7326294015625 0.3767806796875 0.6931249953124999 0.36797100625 0.6816919218749999 0.33045571093750004 0.6468111015625 0.2515932140625 0.6411066109375 0.2179525875 0.644043603125 0.1963386125 0.6530969796874999 0.1738974453125 0.672294234375 0.1659363515625 0.7016547640625 0.1706382140625 0.7293286984375 0.175990465625 0.73196039375 0.1913613625 0.731199496875
4 0.440413621875 0.6807905265625 0.41102214375 0.6486868 0.3696394796875 0.6441649093749999 0.3359352203125 0.6478821984375001 0.374327259375 0.6890781046875001 0.3787250546875 0.703414271875 0.39478884375 0.7026897234375 0.4197895671875 0.711837653125 0.4395087125 0.7089539609375 0.440413621875 0.6807905265625
4 0.581000146875 0.69756949375 0.588869446875 0.70346778125 0.5971205265624999 0.7046842796874999 0.6017869265625 0.69865999375 0.6006061140625001 0.6790071390625 0.5856310828125 0.6578469890624999 0.5414132171875 0.6539599953125 0.5313309375 0.6581328859375 0.520612353125 0.67010875625 0.51542283125 0.6996146875 0.5236739109374999 0.7008311843749999 0.5408123765624999 0.6954611984375 0.558891215625 0.6956259984375001 0.581000146875 0.69756949375
4 0.501543596875 0.6479502078125 0.49436015 0.6507079015625 0.48332341406249996 0.6665852625 0.48507689843749996 0.6792154328125 0.5157550640624999 0.6784739359375 0.5238929671875 0.6640117703125 0.5388961671875 0.650693403125 0.5223940046875 0.6482604078125 0.501543596875 0.6479502078125
4 0.0515310984375 0.636880209375 0.0471051390625 0.6570225625 0.0506757390625 0.68150260625 0.1106462859375 0.6799469109375 0.11852966718749999 0.6686059390625 0.118416490625 0.6529272765624999 0.11527722031250001 0.6402244046875001 0.0515310984375 0.636880209375
4 0.6877478578125 0.6514496078125 0.677792840625 0.654061903125 0.67016398125 0.66228168125 0.671853834375 0.6756921515625 0.6967343374999999 0.6777810468750001 0.708280115625 0.6556613 0.7029914953125 0.6522493078125 0.6877478578125 0.6514496078125
4 0.6434663625 0.6483429140625 0.6252602625 0.649738709375 0.634374003125 0.6745095515624999 0.6593181375 0.67581815 0.667010628125 0.6668180718750001 0.66223105 0.65716369375 0.6557475375 0.65133810625 0.6434663625 0.6483429140625
4 0.596081059375 0.66623156875 0.5959537984375001 0.667792165625 0.5999202640625 0.670351159375 0.601051528125 0.6735450515625 0.6038230984374999 0.6736904531250001 0.6042685109375 0.668228365625 0.6057179265625 0.667520765625 0.606036078125 0.6636192750000001 0.6047775546875 0.6619859796875 0.6062269703125 0.66127838125 0.6064178609375 0.6589374875 0.6078672765625 0.6582298890625 0.6080581671874999 0.65588899375 0.60950758125 0.6551813953125001 0.60843995 0.6512072046874999 0.6030877 0.6485755109375 0.59893034375 0.6483574125 0.597480928125 0.649065009375 0.5919377875 0.648774209375 0.5891025859375 0.6494091078124999 0.5846907078125 0.6523122 0.5843725578125001 0.6562136921875 0.5935640109375 0.6629649765625001 0.596081059375 0.66623156875
4 0.547083615625 0.6526901984375 0.5581699 0.6532717984375 0.5594920531249999 0.6541247953125 0.5802788328124999 0.6552152953125 0.58324129375 0.6530198 0.583559446875 0.649118309375 0.5795929828124999 0.6465593140625 0.5783980859375 0.6441457203125001 0.575753778125 0.6424397234375 0.5563527859375 0.6414219250000001 0.553517584375 0.6420568234374999 0.5506187515625001 0.6434720203125 0.547592659375 0.6464478125 0.5474654 0.648008409375 0.5445029390625 0.6502039046875 0.544375678125 0.6517645015625 0.547083615625 0.6526901984375
4 0.7560331171875 0.650330115625 0.7546473312499999 0.6502574140624999 0.753134284375 0.6517453109375 0.7529433937500001 0.6540862046875 0.7608126921875 0.6599844921875 0.76685079375 0.6712721671875 0.77081725625 0.6738311593749999 0.770753628125 0.674611459375 0.7751018734375 0.6724886640625 0.775674546875 0.6654659796875 0.7802136859375 0.661002290625 0.781981253125 0.6563932015625 0.78343066875 0.6556856046874999 0.7808499906249999 0.6531993093749999 0.7809772500000001 0.6516387124999999 0.775434109375 0.6513479140625 0.7727898 0.6496419171875 0.7730443218749999 0.646520725 0.77033638125 0.6455950265625 0.7661790265625 0.6453769265625 0.7647296109374999 0.646084525 0.7619580390625 0.6459391265625001 0.7603813625 0.6482073203125001 0.7560331171875 0.650330115625
4 0 0.7791495421875 0.009272207812499999 0.7796359734375 0.0192908546875 0.77624338125 0.02688425 0.7343253796875 0.0058851984375 0.684638296875 0 0.6814459015625001 0 0.7791495421875
4 0.1398254890625 0.6634540515625 0.14070223125 0.6697691390625 0.1419607546875 0.671402434375 0.14466869531249998 0.67232813125 0.1502118375 0.6726189312499999 0.151533990625 0.6734719296875 0.159848703125 0.673908128125 0.160294115625 0.6684460421875 0.16174353125000002 0.6677384421875 0.1621253140625 0.6630566546875001 0.163574728125 0.66234905625 0.164020140625 0.6568869687500001 0.1615030921875 0.6536203765625 0.1601173078125 0.6535476765625 0.1548286875 0.650135684375 0.1564689953125 0.6470871921875 0.1579184109375 0.64637959375 0.15527410156250002 0.6446735968749999 0.138581046875 0.644581496875 0.132847015625 0.646631590625 0.131206709375 0.649680084375 0.1325288640625 0.6505330828125 0.13346923593749999 0.6560678703125 0.134791390625 0.6569208671875 0.13460049999999998 0.6592617609375 0.1398254890625 0.6634540515625
4 0 0.6755937078125 0.0050720875 0.6775429125 0.0079072875 0.6769080140625 0.009802117187499999 0.6707383296875 0.012891839062499999 0.6669822375 0.0116969453125 0.6645686421875 0.009052635937500001 0.6628626468750001 0.012078728125 0.6598868546875 0.012905921875 0.649742978125 0.010388871875 0.6464763859375 0.0020741609375 0.6460401874999999 0 0.6452430859375 0 0.6755937078125
4 0.2032179921875 0.63700151875 0.18627041718749998 0.6400306109375 0.1994919671875 0.6485605890625 0.22104230937499997 0.6402875109374999 0.2032179921875 0.63700151875