7 0.3816037 0.7791470328125001 0.37813308125 0.7592345500000001 0.365704434375 0.746381878125 0.3626555359375 0.733565475 0.35541314375 0.7329318484375 0.3522411578125 0.7334386890625 0.3472173375 0.743195759375 0.333222371875 0.7482461875 0.32158217968749997 0.7621305234375 0.32056066875 0.773806459375 0.3232559453125 0.7787483875000001 0.3178366359375 0.8049422859375 0.32136224062499996 0.8123099203124999 0.3177947671875 0.8292535890625 0.330836321875 0.8351006968749999 0.331952165625 0.8461792750000001 0.335750171875 0.850433325 0.3411276125 0.8485507296874999 0.3438778765625 0.8409478078125 0.3506985484375 0.8344853578125001 0.36642226718750004 0.8335079421874999 0.37588575468749996 0.7849216078125 0.3816037 0.7791470328125001
7 0.179811959375 0.726196625 0.1777427015625 0.7260155890625 0.1719566578125 0.732568559375 0.1671240234375 0.728223990625 0.159813528125 0.728368759375 0.159200621875 0.73537431875 0.15044689375 0.74009894375 0.14569547656249998 0.7467424312500001 0.14034426875 0.772157934375 0.14642894687500002 0.7860242875 0.1457479390625 0.79380824375 0.149614046875 0.7972838984374999 0.1624381828125 0.7936997453125 0.1767867703125 0.796523790625 0.1791965296875 0.7928128484375 0.18407103125 0.7728461156249999 0.1929478453125 0.754798246875 0.18955844375 0.745873821875 0.1800974765625 0.734849496875 0.179811959375 0.726196625
7 0.31084041562500003 0.7776621703125 0.30952026718750003 0.76891878125 0.3139992828125 0.765388875 0.3043889984375 0.7441548874999999 0.303422471875 0.7432859734374999 0.288610296875 0.75767715 0.2863629703125 0.7833642078125 0.2889220453125 0.789862928125 0.2929243546875 0.791781790625 0.30023485 0.791637021875 0.30595279531249997 0.78586245 0.31084041562500003 0.7776621703125
11 0.9492355218749999 1 0.9502746171875 0.98812309375 0.9473750375 0.985516353125 0.946667796875 0.9697674015625 0.9352868921875 0.9687717031249999 0.8970606546875001 0.9528776796875 0.8928540421875001 0.9532940046875 0.8860202546875 0.9479900015625 0.8585620125 0.940097240625 0.8336497312500001 0.9269367484375 0.7970160421875 0.9166725328125 0.7790737515624999 0.907259246875 0.7675566468749999 0.9078203390624999 0.7627921125 0.9026973734375 0.7564481453125 0.90371105625 0.7497505578125 0.8968502624999999 0.7425081640625 0.8962166359375001 0.7287043859375 0.8871654250000001 0.6795870640625 0.8765933859375 0.6687509656249999 0.8693705203125001 0.6253515890625 0.8530239078124999 0.6206551546875 0.8471225468749999 0.5698090812500001 0.8324774937500001 0.5600757125 0.8245667515624999 0.532957975 0.8127820124999999 0.5281934406250001 0.8076590484375 0.5068067640625 0.8018661859374999 0.49493603906250005 0.794552803125 0.468308121875 0.789085746875 0.4610657296875 0.7884521203125 0.4554158859375 0.7934482984375 0.448105390625 0.7935930671875 0.4316194484375 0.79136638125 0.4257521859375 0.78693129375 0.4162362359375 0.788451815625 0.4061623609375 0.784433053125 0.393746828125 0.7833468328125 0.3819573203125 0.7870215078125 0.38162993125 0.8026799390624999 0.386462565625 0.8070245078125 0.3801185984375 0.808038190625 0.37406015 0.8177047421875001 0.37159540468749996 0.8339605328124999 0.3659455609375 0.8389567109374999 0.3502899453125 0.83915573125 0.34864241093750004 0.8460707734374999 0.336580496875 0.8528590296875 0.3294743046875 0.8506686109375 0.3258125015625 0.8448577687500001 0.3286308640625 0.836476453125 0.31455468125 0.8305388234375 0.31473275312500004 0.8046707312500001 0.3078308640625 0.800145125 0.31443411875 0.7842514078125 0.29665426093749997 0.7968142375 0.2865122859375 0.7935738703124999 0.2802233046875 0.782042703125 0.276710815625 0.7864415218749999 0.272844709375 0.7829658671875 0.26940032187499996 0.7865862906250001 0.2560863640625 0.7838527625 0.2578151140625 0.7879257765625 0.251471146875 0.788939459375 0.194294221875 0.7870745421875001 0.185608596875 0.7910207703125 0.18168750312499998 0.8000899640625001 0.1742408078125 0.8017915234374999 0.14934164375 0.8003974828124999 0.134367034375 0.7928125453125 0.12271372656249999 0.7949304265625 0.0916067953125 0.7929932765625 0.076713403125 0.796396396875 0.060227462499999995 0.7941697078125001 0.0195364796875 0.7945314781249999 0.0047111875 0.7971562015625 0 0.7967440265625 0 0.9669487796875 0.37777716875 1 0.9492355218749999 1
7 0.41917768437499997 0.7667472562500001 0.41242511249999997 0.7724313109375001 0.41354095781250005 0.7835098890625 0.41871409374999996 0.7839624796875 0.42209038125 0.78112045 0.42304379374999995 0.7702229125 0.41917768437499997 0.7667472562500001
7 0.007872578125 0.725272246875 0.0025632390625 0.7263764453125 0.026359673437499998 0.728458365625 0.0318733171875 0.7250189781249999 0.033657053125 0.71654714375 0.025652435937500002 0.712709415625 0.0235831796875 0.712528378125 0.0117936703125 0.716203053125 0.007872578125 0.725272246875
7 0 0.7528202187499999 0.0105940875 0.75374708125 0.0129357453125 0.7508145359375 0.0093420421875 0.744225296875 0.0023720499999999997 0.7404780859375 0 0.7353132671875 0 0.7528202187499999
4 0.44328713124999997 0.7712096203125001 0.43435659531250004 0.7719970078125 0.4329264796875 0.7883433156249999 0.4547217609375 0.7894658031249999 0.45574327343750004 0.7777898671875 0.4500122125 0.7717979890625 0.44328713124999997 0.7712096203125001
4 0.48727192500000005 0.786823096875 0.488021034375 0.7782607453125 0.482153771875 0.7738256578125 0.47801525937499995 0.773463584375 0.470159959375 0.7798355171875 0.468784828125 0.783636978125 0.47161630624999995 0.7870221140625 0.48727192500000005 0.786823096875
11 0.622127140625 0.8064649359375 0.6004680609374999 0.803785659375 0.5958528453125 0.8088723546875001 0.5906797078125 0.8084197640624999 0.5850167468749999 0.8016494906249999 0.5789451828125001 0.7995495906250001 0.5768759265625001 0.7993685546875 0.5757863140625 0.8118228843749999 0.5837228328124999 0.8164390078125001 0.596206465625 0.81674683125 0.6224257765625001 0.8268842609375 0.6275176984375 0.8163487937499999 0.622127140625 0.8064649359375
7 0.5988074109375 0.7989342484375 0.5965207375 0.7893219453125 0.5923822265625 0.7889598734375001 0.5920548390625 0.8046183062500001 0.59626145 0.80420198125 0.5988074109375 0.7989342484375
11 0.7061756328125 0.8467610828125001 0.7076188640625001 0.8421812265625 0.7041613609375 0.8340351984375 0.695598821875 0.8246581828125 0.6621371171875 0.8138871249999999 0.6477204296875 0.8118414734374999 0.6466858015625 0.81175095625 0.641457678125 0.8238432140624999 0.64064046875 0.8331839625 0.6444384750000001 0.8374380125 0.6571264109375 0.8354106484375 0.6976943078125 0.8483721234375 0.7061756328125 0.8467610828125001
11 0.8124567640624999 0.8474315859375 0.8065213999999999 0.8437748953125 0.796175121875 0.8428697125 0.78893273125 0.8422360843750001 0.7772244374999999 0.856898815625 0.7950305265625001 0.8678688906250001 0.802545321875 0.8653889359375 0.8017281140625 0.874729684375 0.8127004124999999 0.880395759375 0.8353941203125 0.8831655546875 0.8362244453125 0.885591259375 0.8402136390624999 0.8757436703125 0.8434537234375 0.8744584328125 0.8403367265625 0.862420425 0.8468849953124999 0.8590715578125 0.8441897171875 0.854129628125 0.8393570828125 0.849785059375 0.8349461687499999 0.8525365687500001 0.8310800609375001 0.8490609125 0.8195629546875001 0.8496220031249999 0.8156968484375 0.84614635 0.8124567640624999 0.8474315859375
11 0.9429535281250001 0.9168907484375 0.9532317046875001 0.9185743265624999 0.956607990625 0.9157322984375 0.95177535625 0.9113877296874999 0.9531504875 0.90758626875 0.9493524828125001 0.9033322171875 0.9579700062500001 0.9001643843749999 0.9541720015624999 0.895910334375 0.9586510140625 0.892380428125 0.9538183796874999 0.888035859375 0.9592639234375 0.8853748671874999 0.9600130312499999 0.8768125156250001 0.95070138125 0.8759978515625001 0.946903375 0.8717438 0.9423562593750001 0.8760521000000001 0.9406956109375001 0.871200690625 0.938626353125 0.8710196531250001 0.9351138656250001 0.8754184734375 0.9323504874999999 0.871254940625 0.9268368453125 0.8746943281249999 0.91572834375 0.8705850453125 0.9113174296875 0.8733365546874999 0.9084178484375001 0.8707298124999999 0.9001408265625 0.87000566875 0.8957299140625 0.8727571781250001 0.8928303328125 0.8701504359375001 0.888555621875 0.8713451546875 0.8774471203124999 0.8672358718750001 0.8771747171875001 0.8703494546874999 0.8803466999999999 0.8698426140625 0.8831781796874999 0.8732277515625 0.8818292796874999 0.9005621171874999 0.8950751390624999 0.9040740406250001 0.9405306546875 0.9088352375 0.9429535281250001 0.9168907484375