11 0 0.959427128125 0.21003255156249998 0.944316378125 0.40866748125 0.9202876906249999 0.5779909359375 0.8917151609375 0.590233115625 0.8753886812499999 0.6277379 0.8708681578125 0.6623659421875 0.86104929375 0.758165990625 0.8468969124999999 0.8594464484375001 0.8277415953125 0.9577702921875 0.8174268734375 0.9732281687500001 0.5224730140625 0.970368746875 0.40514691249999996 0.9438111328125001 0.39888158281249997 0.9367489921875001 0.3930455453125 0.893490728125 0.38696938125 0.866810234375 0.373684221875 0.8598573187499999 0.374088034375 0.838670890625 0.356579921875 0.8480090234375 0.3333951359375 0.8659500687499999 0.3245454171875 0.8881994000000001 0.32325322343749996 0.8964746296874999 0.31886874375 0.8921390390624999 0.3097512578125 0.8852134312500001 0.31171503125 0.8726299171875 0.308541984375 0.861587171875 0.31386796875 0.8407147734375 0.3142994203125 0.8200608265625 0.32721056875 0.7631151875 0.3344217234375 0.747887040625 0.3392100125 0.7240286734375 0.328103271875 0.5907921093749999 0.35067607968750003 0.47846890625 0.37515738125000003 0.41876940781250005 0.38409002187499997 0.2636521578125 0.42901451249999994 0.2291060328125 0.44351326562500004 0.14733469999999999 0.4638778546875 0 0.537888190625 0 0.959427128125
4 0.7957792046875001 0.291924415625 0.7512942 0.2952887859375 0.7390656734375 0.3123952484375 0.740797590625 0.33181401250000003 0.8144575359375 0.3251936734375 0.8140206265625001 0.30023428124999996 0.7957792046875001 0.291924415625
15 0.789138253125 0.23062896249999998 0.80056329375 0.2471424484375 0.828716290625 0.2650267296875 0.8398272999999999 0.2636006515625 0.8705566640625 0.2696236953125 0.9233032484375 0.261094865625 0.9345644468750001 0.268248578125 0.94194061875 0.2920241796875 0.9545650921875 0.29753716875 0.9541008765625 0.2710178125 0.9706103796875001 0.2599089125 0.96639766875 0.25781125781249997 0.9704044406250001 0.24814419999999998 0.9662575421874999 0.011243425 0.766566078125 0.008919803125 0.7743544765625 0.0222401390625 0.7536049578124999 0.0296914203125 0.7484112656249999 0.0510739578125 0.7306067546875 0.06772348593750001 0.7354202140625 0.104140309375 0.6761576234375 0.1380323421875 0.6892463140625 0.17006468749999998 0.7062200328125 0.18547514375000002 0.7594991 0.2073655734375 0.789138253125 0.23062896249999998
4 0.7442866687499999 0.2925726734375 0.7206194515625 0.29238566875 0.698424734375 0.29679778749999997 0.683333121875 0.3093858875 0.6767078875 0.32850924375 0.726659653125 0.31936195624999997 0.7458001328125 0.29951174062499997 0.7442866687499999 0.2925726734375
4 0.45013841718750003 0.34713334375 0.4458847453125 0.34269574375 0.4178273234375 0.3302713296875 0.360881684375 0.337482484375 0.33203442656250004 0.3594579953125 0.32948536875 0.3728791984375 0.34082848593750004 0.3847127984375 0.4462806953125 0.3653151953125 0.45013841718750003 0.34713334375
11 0.1559218953125 0.3977941109375 0.1335496859375 0.39206647656250004 0.10716956562499999 0.3959409 0.0850294640625 0.40347294375000003 0.0682742 0.400542184375 0.06745705937499999 0.43338215 0.08012249375 0.44123508281249996 0.119086128125 0.440533703125 0.23001874843749998 0.41613316562499997 0.24393823281250002 0.41610552500000003 0.24249303437499997 0.41306636250000006 0.2535357796875 0.4077403796875 0.251653675 0.37974182500000003 0.19039975 0.37939545468749997 0.1847554984375 0.3750386171875 0.1807475890625 0.384640675 0.1765621875 0.3841029796875 0.1767260296875 0.39346275468749997 0.164251740625 0.3965295578125 0.1559218953125 0.3977941109375
11 0.20078919687500002 0.41626920937499995 0.2590981140625 0.40741733125 0.2587431234375 0.3871378234375 0.2487905890625 0.3752234625 0.241810365625 0.3740673109375 0.0599443546875 0.4018067375 0.0676891671875 0.44664182812500003 0.07468304375 0.4485779609375 0.1259161640625 0.4331100640625 0.20078919687500002 0.41626920937499995
11 0.3368205796875 0.39431485624999996 0.325122471875 0.36220175 0.32231399843749997 0.3608033140625 0.27939706875 0.3742266765625 0.28385554062499996 0.390363990625 0.27836147499999997 0.3945869453125 0.2840876484375 0.40362366875 0.32021550312499997 0.399963890625 0.3368205796875 0.39431485624999996
11 0.333998453125 0.3921364390625 0.3338073046875 0.381216703125 0.32107360156250003 0.3694638671875 0.2752253203125 0.3744689625 0.275525696875 0.39162854375 0.2826561046875 0.4013644875 0.31457125 0.3956070515625 0.3270045765625 0.39020030625 0.333998453125 0.3921364390625
11 0 0.433748609375 0.0327197890625 0.436961165625 0.033591542187500004 0.407241125 0.0210626421875 0.40718800312500003 0 0.4128624515625 0 0.433748609375
13 0 0.136592615625 0.008213518749999999 0.15027883125 0.0361480625 0.1556834171875 0.06255548749999999 0.1533689546875 0.080701334375 0.1562189515625 0.12370018281249999 0.147475475 0.1767334890625 0.1553262484375 0.2157380828125 0.1569648125 0.225554084375 0.1610793640625 0.22844447968749998 0.1671576859375 0.259296721875 0.18020055937499999 0.3039592203125 0.1869759421875 0.34292285625 0.18627456250000002 0.3654042921875 0.198242046875 0.3852684046875 0.21973082656249998 0.40768157499999996 0.22779840468749998 0.42019682343750003 0.22707154375 0.4298080234375 0.2194863796875 0.48131421249999995 0.2196181046875 0.507667025 0.21418371875000003 0.530924640625 0.190971290625 0.56143555 0.1845146359375 0.5779996656249999 0.1765256609375 0.5997984328125 0.1494940921875 0.7009833171875 0.1248789078125 0.71053990625 0.11417382031250001 0.7257134390625 0.10626560625 0.7267626859375 0.08668531874999999 0.715337646875 0.07017183125000001 0.7414583515625 0.0514777671875 0.752159759375 0.026652257812500003 0.761825575 0.022187017187499998 0.7582543234375 0.0088230875 0.4825396125 0.0056148562499999995 0 0.033639753125 0 0.136592615625
6 0.573436096875 0.3134261546875 0.5722776203125 0.32676659531249996 0.5836890078125 0.3425001 0.58735558125 0.313398515625 0.5802934375000001 0.3075624765625 0.573436096875 0.3134261546875
6 0.567778190625 0.3082893375 0.5636337484375 0.310091584375 0.5596121859375 0.3189136640625 0.5654202781250001 0.3326302734375 0.5737228187500001 0.3298057578125 0.5706003171875 0.31046775625 0.567778190625 0.3082893375
11 0.6740496031250001 0.335690596875 0.67238595 0.3201717375 0.6404025390625 0.32202926718749997 0.6392850250000001 0.3377096515625 0.6740496031250001 0.335690596875
11 0.630723071875 0.325714528125 0.622324959375 0.32307917656249996 0.5987260062499999 0.3267920765625 0.591895971875 0.3342157171875 0.5906965359374999 0.3452162125 0.610178353125 0.344865525 0.6351132749999999 0.3379519375 0.630723071875 0.325714528125
11 0.4531380359375 0.3594515171875 0.44632165625000003 0.36765513906249997 0.43938239375 0.36883893125 0.446403575 0.37233502500000004 0.46168633750000004 0.370666659375 0.512987725 0.35909866875 0.5602129359375 0.35323282968749997 0.5795855249999999 0.3466422921875 0.57664051875 0.33744404375000003 0.5627073796875 0.33669170312499996 0.55567254375 0.33241562812500003 0.4931236109375 0.3376098890625 0.47931335312499995 0.3438773765625 0.4681613828125 0.3429635125 0.45432381875 0.3476710390625 0.4531380359375 0.3594515171875