11 1 0.4274035578125 0.9993820437500001 0.41773988749999996 0.9702731109375 0.41841885312500005 0.9617064453124999 0.414705996875 0.9588713015625 0.392078628125 0.8479801281249999 0.3946651609375 0.7555584625 0.40386370468750005 0.6347273828125 0.42468037968749994 0.547413484375 0.4486279390625 0.5477132765625 0.45331615468750003 0.5147956875 0.4595616984375 0.4663936296875 0.4841667078125 0.42560888906249994 0.4976385625 0.417841675 0.5064276125 0.40017161874999996 0.5123175078125 0.38032887187500003 0.52764849375 0.3555782203125 0.5313559406249999 0.35196942343750004 0.5400479953125 0.32885474062500003 0.547629953125 0.27094956875 0.5755867640625 0.198796175 0.6195266 0.14618573125 0.6434472375 0.0723963703125 0.6835125625 0.0452231984375 0.6927542546875001 0.03879215625 0.700729603125 0.02003575625 0.71134004375 0.0384231234375 0.9988838453125 0.041292884375 1 0.0785048015625 1 0.22560194375 0.9953004390625001 0.5751089984375 0.990278334375 0.8343541796875 0.963103015625 0.8411849468750001 0.9613786203125001 0.8421213953125 0.954313965625 0.8561262390625 0.9453794249999999 0.87899754375 0.944845953125 0.9256266359374999 0.935932984375 1 0.92651388125 1 0.4274035578125
11 0.16597525156249998 0.45361230468749997 0.10092661875 0.45669463125 0.08374332031250001 0.44848755156250003 0.08130790156249999 0.43211113437500004 0.086152940625 0.42104264062499996 0.05585773125 0.42487941406249996 0.0591554671875 0.47644976874999995 0.066149028125 0.49898014375 0.10634707968749998 0.4980425265625 0.217425215625 0.47667080312500004 0.226828396875 0.47175626875 0.22330663281250002 0.460100396875 0.2074595109375 0.451079615625 0.203500953125 0.4543020875 0.19231190625 0.452998003125 0.1883033828125 0.4554391046875 0.179836646875 0.45328898906250004 0.168897428125 0.45589174843749997 0.16597525156249998 0.45361230468749997
11 0.0743272375 0.4314914234375 0.059029734375 0.431065703125 0.060554504687499996 0.498328103125 0.08164639375 0.5025313421875001 0.2256920875 0.4756954453125 0.22950074687500002 0.4701288671875 0.22310677031249998 0.45697492031250003 0.22003469843749998 0.45235136875000004 0.2074595109375 0.451079615625 0.1924118375 0.45456074218750003 0.10775738593749999 0.454970234375 0.08671546249999999 0.451548365625 0.07804886562499999 0.44627277187500003 0.0743272375 0.4314914234375
11 0.2520400078125 0.41013051875000006 0.249580421875 0.4367940609375 0.3492325796875 0.43212207343750003 0.3502560625 0.4047094953125 0.3099580796875 0.40408437499999994 0.2520400078125 0.41013051875000006
4 0.0880387359375 0.428824 0.084330009375 0.43595331562500006 0.086665496875 0.45076699531250003 0.0910237796875 0.453795478125 0.10344907031249999 0.45272312187499997 0.11290221874999999 0.4485899546875 0.15037795468749998 0.44849836875 0.185331240625 0.45237829218750003 0.19206207656250002 0.4490911578125 0.22260711249999998 0.4491612296875 0.2264657390625 0.44437602031249995 0.22398035468750002 0.427218234375 0.217836209375 0.41797113125 0.193522346875 0.406800234375 0.1504520875 0.40623977812499995 0.1269876453125 0.40835215468749997 0.11743456562500001 0.410922584375 0.099964371875 0.41993795624999997 0.0880387359375 0.428824
4 0.48417488437499995 0.4148889265625 0.48704709375000005 0.4163870015625 0.5013205734375 0.4152715390625 0.5175421671875 0.4156757046875 0.5260089015625 0.417825821875 0.542442715625 0.414312365625 0.5451150640625 0.4126849640625 0.5449651671875 0.4103408578125 0.5463013390625 0.40952715624999997 0.5440657843750001 0.39627621562500004 0.5339630796875 0.39025158437499996 0.5186655796874999 0.3898258625 0.497973415625 0.391873578125 0.4886201984375 0.39756948125 0.48471160781249994 0.40157332187500006 0.4834753640625 0.403949759375 0.48417488437499995 0.4148889265625
4 0.6698047671875 0.3870830796875 0.667282315625 0.3910545890625 0.6853021328125 0.3906342765625 0.6867382375 0.3913833140625 0.6923327609375 0.39203535624999997 0.696641078125 0.39428246875 0.70793005625 0.397149290625 0.707980021875 0.3979306609375 0.714910721875 0.39776900312499996 0.714311134375 0.3883925734375 0.7113389906250001 0.3853317609375 0.7055446046875 0.38155424375 0.7027223593749999 0.3808375375 0.6805441234375 0.38135484375 0.6792079515625 0.3821685453125 0.6750495328125 0.3822655390625 0.6738132890624999 0.384641978125 0.6698047671875 0.3870830796875
4 0.7508004546875 0.394584271875 0.7730286546875 0.3948483328125 0.77852325 0.3939376375 0.7811955953124999 0.39231023593750003 0.7806959390625 0.3844965453125 0.779259834375 0.3837475078125 0.7791099375 0.38140340156249997 0.7762377265625 0.3799053265625 0.7623763296875 0.38022864375 0.7542093875 0.382766740625 0.7515370406249999 0.3843941421875 0.7490145906250001 0.38836565156249997 0.7493643515625 0.393835234375 0.7508004546875 0.394584271875
4 0.866886425 0.38639882812500004 0.8683724968750001 0.387929234375 0.869808603125 0.38867827187500004 0.873967021875 0.38858127656249997 0.8960952890625 0.3872826 0.8987676390624999 0.38565520000000003 0.898417878125 0.3801856171875 0.8997540531249999 0.379371915625 0.89806811875 0.3747160328125 0.8800483031249999 0.37513634375 0.87465364375 0.37760977812499996 0.873267503125 0.3776421109375 0.87331746875 0.3784234796875 0.8679727703125 0.38167828125000003 0.8666865640625 0.38327335156250003 0.866886425 0.38639882812500004
4 0.992925203125 0.3818939078125 0.9861444031250001 0.38439967343750003 0.9764913906249999 0.3854073640625 0.973968940625 0.38937887187500003 0.96728806875 0.3934473765625 0.9649155171875 0.399762990625 0.9657149671875 0.412264896875 0.9672010375 0.41379530156250005 0.9700232828124999 0.4145120078125 0.999032284375 0.41227030468750003 0.9970836234375 0.3817969125 0.992925203125 0.3818939078125
11 0.028286465625 0.51473144375 0.0375397515625 0.5074728000000001 0.033779428125 0.426959459375 0.024026484375 0.4264044109375 0.017295650000000003 0.4296915453125 0.005268928125 0.4528106046875 0.0056615796874999996 0.486555003125 0.007594303125 0.5167791562499999 0.028286465625 0.51473144375
11 0.02833643125 0.5155128109375 0.0389258921875 0.50744046875 0.0330428421875 0.4371495875 0.027198490625 0.4325907015625 0.01893161875 0.43356605937500003 0.0052511375 0.45128160156249997 0.0056615796874999996 0.48655500468749996 0.007594303125 0.5167791562499999 0.02833643125 0.5155128109375
11 0.480403290625 0.3993262109375 0.4693141734375 0.39958486249999997 0.468377725 0.406649515625 0.47066324687499994 0.4206818265625 0.477843775 0.4244270140625 0.49843600625000006 0.42081656250000005 0.4783804984375 0.411111409375 0.480403290625 0.3993262109375
11 0.427729984375 0.4005548140625 0.3639675609375 0.40204207031249994 0.3629440796875 0.42945464843750003 0.3868582140625 0.43437459375 0.3942386046875 0.4412452578125 0.41493076718750005 0.43919754375000003 0.43086492343750005 0.4278703984375 0.427729984375 0.4005548140625