4 0.27901724843750003 0.24171678281250003 0.259209178125 0.2736457984375 0.236941503125 0.278328065625 0.2375940484375 0.3415608140625 0.2301041625 0.38867831875 0.23906276875 0.45396381249999995 0.251517315625 0.4574335515625 0.2709799421875 0.4551920375 0.27942236249999997 0.44552603125 0.28096579374999997 0.43219627968749996 0.290760740625 0.42560677187499996 0.3449728609375 0.41980898125 0.40469508281250005 0.41772343437500004 0.43104760937500003 0.4199269140625 0.44636175 0.416268403125 0.4504920546875 0.41924789999999995 0.4629920546875 0.4188113890625 0.46861124375 0.41314863593749995 0.521334478125 0.41599309531250006 0.533870840625 0.41243158593749996 0.5518809421875 0.415707321875 0.5644173046875001 0.41214581250000004 0.586548621875 0.41918229531250006 0.5904425671875 0.44247429218749995 0.5987395390625 0.445308284375 0.619572871875 0.44458076875 0.6279971109375 0.43647726249999996 0.6321112171875 0.3215365109375 0.6214728218750001 0.28129951875 0.5887849265625 0.2269947953125 0.574996034375 0.2188860546875 0.45838391093749997 0.21827264531249999 0.35836572968749997 0.22332722187499998 0.29441320625 0.231027021875 0.27901724843750003 0.24171678281250003
4 0.3696566703125 0.3267969625 0.37369606875 0.337588959375 0.3752394984375 0.3242592078125 0.3696566703125 0.3267969625
4 0.6891394625 0.19303396718750002 0.6762849265625 0.22393922812499997 0.685834425 0.23844347031250002 0.69112635 0.260905715625 0.709263721875 0.2532439515625 0.7843000859375 0.24749989375 0.8162081656250001 0.24950936875 0.82721928125 0.2577151109375 0.8397192812500001 0.25727860156250004 0.8453202890625 0.253178346875 0.8457111875000001 0.219584596875 0.8362344140625 0.19883035468750002 0.808711175 0.17792537656250001 0.7531556203124999 0.17986541875 0.7351727890624999 0.1742459328125 0.7323404671875 0.179030434375 0.7073041046874999 0.183028453125 0.6891394625 0.19303396718750002
4 0.47240006875 0.206850134375 0.45702229375 0.215977396875 0.5576712859375 0.21636731875 0.58191320625 0.2209873 0.59018290625 0.22616504375000002 0.624241509375 0.28198376718749996 0.6336091953125 0.31211300937500003 0.6668243484375 0.321105234375 0.6821112171875 0.319790471875 0.6849617203125 0.3134434703125 0.6856889749999999 0.2509434703125 0.6816586671875 0.2393702234375 0.6610162390625 0.2236914890625 0.6445859281249999 0.20396100156250002 0.6362889578125001 0.20112700781249998 0.6002233 0.19848178593750002 0.5016030984375 0.20270661250000002 0.47240006875 0.206850134375
4 0.667933409375 0.225792734375 0.6989435 0.1856632109375 0.696220265625 0.1810727125 0.6879414765625 0.17667621875 0.6671445046875 0.17427873437500002 0.6212839 0.17822302031249998 0.6045717796875001 0.1827112828125 0.59331521875 0.1955992921875 0.64732734375 0.206989 0.667933409375 0.225792734375
4 0.5919172390624999 0.19642904218749999 0.6031919828125 0.181978534375 0.6338111718749999 0.1754427609375 0.6283283421875 0.1693867640625 0.6228091499999999 0.16645576875 0.5992162203125 0.1657177875 0.5741889484375 0.16893455625 0.5559606687499999 0.1844088203125 0.555860671875 0.1930025703125 0.5655192609374999 0.1981318125 0.5919172390624999 0.19642904218749999
4 0.5312061171875 0.1641880890625 0.5061788453125 0.167404859375 0.5017121875 0.1933316125 0.53092430625 0.1884068390625 0.5407647078125 0.1779110828125 0.5394758171875 0.1693658328125 0.5312061171875 0.1641880890625
4 0.5323404671875 0.18601458906249999 0.5349818859375 0.19763633593750002 0.55585158125 0.19378382031250002 0.5644303625 0.1723990640625 0.543578846875 0.1746890796875 0.5323404671875 0.18601458906249999
4 0.7352182421875 0.1703396828125 0.722800059375 0.1637449421875 0.69780915 0.16383671093750002 0.6797354125 0.166029725 0.6713202625 0.17335198125 0.7073131953125 0.182247203125 0.73372935625 0.17898193281250002 0.7352182421875 0.1703396828125
7 0.8628687515625 0.176815084375 0.8656101671875 0.17984308124999998 0.8669172390625001 0.18682583125000002 0.87240006875 0.1928818265625 0.8751596656249999 0.19434732500000002 0.87932633125 0.19420182187499999 0.8807243109374999 0.1933720703125 0.8877778453125 0.183754565625 0.8878142078125 0.18062956562500002 0.8892121875000001 0.1797998140625 0.889294003125 0.17276856406250002 0.8921081421875 0.1695465625 0.8907283453125 0.1688138125 0.8907737984375 0.1649075625 0.8880142015624999 0.16344206562500002 0.8797081390624999 0.161389321875 0.8769303624999999 0.1614863234375 0.8755323828125 0.162316075 0.8713657156249999 0.162461578125 0.8629687484374999 0.168221334375 0.8628687515625 0.176815084375
7 0.8211748125 0.18061386562499998 0.823988953125 0.17739186406250002 0.8240162249999999 0.1750481140625 0.8254142046874999 0.1742183625 0.828355615625 0.1600588609375 0.8256142000000001 0.1570308625 0.8200859156250001 0.1548811171875 0.8145303609375001 0.155075121875 0.8117344015624999 0.1567346234375 0.8089111703125 0.1607378765625 0.8087384468750001 0.1755816265625 0.8197859234375 0.1806623671875 0.8211748125 0.18061386562499998