11 0 0.99921875 0.9989615781250001 0.99921875 0.9989615781250001 0.75703125 0.9937694703125001 0.7546875 0.962616821875 0.753125 0.8868120453125 0.73828125 0.88369678125 0.73828125 0.88369678125 0.74609375 0.8785046734374999 0.74921875 0.8535825546875 0.75 0.8411214953125 0.746875 0.8307372796875001 0.73671875 0.7590861890625 0.73046875 0.7331256484375 0.725 0.71962616875 0.72578125 0.70820353125 0.721875 0.6407061265625 0.7203125 0.6188992734375 0.71640625 0.6033229484375 0.71796875 0.5835929390625 0.71015625 0.48182762187500006 0.70546875 0.47663551406250004 0.7078125 0.3572170296875 0.6953125 0.340602284375 0.7015625 0.3260643828125 0.7 0.317757009375 0.6953125 0.306334371875 0.696875 0.30737279375000004 0.69921875 0.2980269984375 0.70390625 0.3001038421875 0.71640625 0.249221184375 0.7484375 0.236760125 0.74140625 0.2180685359375 0.74921875 0.20145379062500002 0.7453125 0.1806853578125 0.75 0.1640706125 0.7453125 0.14693665625000002 0.75 0.11526479687499999 0.75 0.1090342671875 0.746875 0.080996884375 0.75 0.0726895125 0.75390625 0.050882657812499996 0.7515625 0 0.7703125 0 0.99921875
4 0.670820353125 0.715625 0.6912426453125 0.71171875 0.70820353125 0.71640625 0.717549325 0.7140625 0.7248182765625 0.69765625 0.7248182765625 0.68046875 0.718587746875 0.66484375 0.707165109375 0.65234375 0.693665628125 0.6484375 0.6645898234375001 0.646875 0.6375908625 0.65078125 0.625129803125 0.675 0.6085150578125 0.678125 0.5919003109375 0.67578125 0.590861890625 0.678125 0.5929387328125 0.69375 0.6053997921875001 0.71328125 0.6147455859375001 0.71328125 0.634475596875 0.70625 0.6407061265625 0.71640625 0.670820353125 0.715625
4 0.52647975 0.6609375 0.47352025 0.65859375 0.46625129843749996 0.66484375 0.46417445468749996 0.66953125 0.472481828125 0.68125 0.47663551406250004 0.70234375 0.5451713390624999 0.7046875 0.5441329171875 0.6796875 0.52647975 0.6609375
4 0.4506749734375 0.70390625 0.4631360328125 0.709375 0.470404984375 0.70859375 0.472481828125 0.70546875 0.47144340625 0.68125 0.4506749734375 0.6578125 0.399792315625 0.65625 0.3831775703125 0.67421875 0.3842159921875 0.70546875 0.40706126718749996 0.7078125 0.4164070609375 0.7015625 0.44236760156250005 0.7078125 0.447559709375 0.7078125 0.4506749734375 0.70390625
4 0.352024921875 0.6875 0.365524403125 0.68828125 0.36656282500000004 0.6640625 0.3592938734375 0.65390625 0.3167185875 0.65078125 0.30218068593749997 0.65625 0.296988578125 0.6625 0.2990654203125 0.68984375 0.32294911718749997 0.68671875 0.3239875390625 0.66171875 0.340602284375 0.6546875 0.352024921875 0.66953125 0.352024921875 0.6875
6 0.3727933546875 0.65 0.367601246875 0.66484375 0.36656282500000004 0.68984375 0.3727933546875 0.69375 0.3811007265625 0.6859375 0.386292834375 0.665625 0.3842159921875 0.65390625 0.3727933546875 0.65
7 0.3374870203125 0.65390625 0.3260643828125 0.6609375 0.3260643828125 0.68984375 0.3333333328125 0.696875 0.3447559703125 0.696875 0.34994807968749997 0.6859375 0.34994807968749997 0.665625 0.3374870203125 0.65390625
7 0.25441329218750003 0.74453125 0.2855659390625 0.72734375 0.29595015625 0.72890625 0.27933541093750003 0.6578125 0.272066459375 0.64140625 0.2627206640625 0.63359375 0.23468328125000001 0.62578125 0.2253374875 0.62578125 0.2201453796875 0.63046875 0.224299065625 0.63828125 0.2201453796875 0.709375 0.21287642812500002 0.74375 0.2211838 0.74453125 0.22845275156249997 0.740625 0.25441329218750003 0.74453125
4 0.21183800625 0.6625 0.19937694687500002 0.65703125 0.1952232609375 0.68203125 0.197300103125 0.690625 0.2045690546875 0.69296875 0.21287642812500002 0.690625 0.21391485000000002 0.67109375 0.21183800625 0.6625
6 0.1256490140625 0.7328125 0.142263759375 0.7453125 0.15368639687500002 0.7453125 0.165109034375 0.73203125 0.1817237796875 0.7453125 0.1921079953125 0.7453125 0.198338525 0.73515625 0.18691588750000002 0.71640625 0.18587746562500002 0.7046875 0.1952232609375 0.6890625 0.1941848390625 0.67265625 0.20145379062500002 0.66171875 0.19937694687500002 0.6578125 0.18899273125 0.65390625 0.1734164078125 0.653125 0.155763240625 0.65859375 0.1484942890625 0.6578125 0.1464174453125 0.66328125 0.13811007343749998 0.6640625 0.1329179640625 0.66953125 0.1360332296875 0.68046875 0.1329179640625 0.7046875 0.14018691562500002 0.715625 0.13914849375 0.721875 0.1298027 0.725 0.1256490140625 0.7328125
6 0.727933540625 0.68125 0.72689511875 0.696875 0.7320872281249999 0.70390625 0.743509865625 0.70078125 0.7518172375 0.66875 0.7403946 0.6671875 0.727933540625 0.68125
6 0.787123571875 0.68125 0.775700934375 0.67421875 0.7673935625 0.684375 0.7673935625 0.70390625 0.775700934375 0.7 0.7788162 0.7046875 0.7829698859375 0.7046875 0.7902388375 0.69765625 0.787123571875 0.68125
6 0.8764278296875 0.7390625 0.8743509859374999 0.68671875 0.8805815156250001 0.67421875 0.892004153125 0.66953125 0.893042575 0.665625 0.8639667703124999 0.64375 0.8494288687499999 0.64453125 0.8411214953125 0.65078125 0.8411214953125 0.68125 0.8525441328125 0.71953125 0.8535825546875 0.74375 0.871235721875 0.74609375 0.8753894078125001 0.74453125 0.8764278296875 0.7390625
2 0.985462096875 0.71640625 0.985462096875 0.684375 0.9584631359375001 0.67890625 0.951194184375 0.6734375 0.9096573203125 0.67421875 0.896157840625 0.68515625 0.88369678125 0.68515625 0.8785046734374999 0.690625 0.8795430937500001 0.7078125 0.8857736234375 0.71328125 0.9158878500000001 0.7109375 0.9231568015624999 0.7046875 0.9397715468750001 0.7203125 0.985462096875 0.71640625