11 0.352777778125 0.87421875 0.39027777812500003 0.8765625 0.40277777812500004 0.8921875 0.5722222218749999 0.9109375 0.7708333328125 0.9234375 0.9958333328125001 0.9265625 0.9986111109375001 0.52265625 0.9930555562500001 0.51328125 0.825 0.4390625 0.7430555562500001 0.4234375 0.7083333328125 0.4109375 0.5527777781250001 0.375 0.49305555625 0.36953125 0.38055555625 0.3515625 0.24722222187499998 0.33671875 0.2236111109375 0.34921875 0.20833333281250002 0.3453125 0.1513888890625 0.34140625 0.13055555624999998 0.3296875 0.109722221875 0.33046875 0.0986111109375 0.32578125 0.0861111109375 0.3296875 0.0791666671875 0.328125 0.075 0.3375 0.08333333281250001 0.34140625 0.10555555624999999 0.34140625 0.12361111093749999 0.34921875 0.13333333281249998 0.371875 0.1125 0.390625 0.10555555624999999 0.390625 0.0791666671875 0.40546875 0.0361111109375 0.4140625 0.029166667187500002 0.4203125 0.002777778125 0.428125 0 0.834375 0.0041666671875 0.8390625 0.1208333328125 0.84453125 0.222222221875 0.8578125 0.31805555625 0.86640625 0.352777778125 0.87421875
4 0.15694444375 0.3140625 0.15694444375 0.3390625 0.23055555625 0.34140625 0.23194444375 0.321875 0.21944444375 0.30546875 0.175 0.3046875 0.15694444375 0.3140625
15 0 0 0 0.271028646875 0.0041666671875 0.28046875 0 0.2828125 0.0166666671875 0.29296875 0.0166666671875 0.31953125 0.029166667187500002 0.31328125 0.0361111109375 0.2890625 0.047222221875 0.28125 0.1 0.28671875 0.13055555624999998 0.27890625 0.1416666671875 0.2796875 0.16944444375 0.26015625 0.18055555625 0.24296875 0.20972222187499998 0.21796875 0.2625 0.19296875 0.2791666671875 0.1765625 0.2916666671875 0.14375 0.23194444375 0.11328125 0.23611111093749998 0.0765625 0.21805555625 0.0609375 0.2125 0.03984375 0.1916666671875 0.03359375 0.20277777812500003 0.01328125 0.19583333281249998 0 0 0
4 0.25 0.30078125 0.22638888906250001 0.30234375 0.225 0.309375 0.24444444375000002 0.328125 0.29444444375 0.334375 0.2875 0.315625 0.272222221875 0.30390625 0.25 0.30078125
4 0.609722221875 0.325 0.5527777781250001 0.32109375 0.525 0.33515625 0.5208333328125 0.33984375 0.525 0.3578125 0.63055555625 0.37109375 0.6416666671875 0.35859375 0.6388888890625 0.3453125 0.609722221875 0.325
11 0.8916666671875 0.4125 0.9041666671874999 0.40390625 0.902777778125 0.37109375 0.8861111109375001 0.375 0.8638888890624999 0.36875 0.8375 0.36640625 0.815277778125 0.3734375 0.80694444375 0.37265625 0.79444444375 0.3703125 0.79444444375 0.3609375 0.790277778125 0.36171875 0.7861111109375 0.35234375 0.7805555562500001 0.35703125 0.7194444437499999 0.3609375 0.7180555562500001 0.3890625 0.7291666671875 0.39375 0.727777778125 0.396875 0.7416666671875001 0.39609375 0.852777778125 0.4140625 0.8916666671875 0.4125
11 0.9111111109375001 0.371875 0.7291666671875 0.3546875 0.722222221875 0.35625 0.7125 0.36875 0.7125 0.3890625 0.7708333328125 0.39453125 0.8458333328125001 0.40703125 0.897222221875 0.41953125 0.9041666671874999 0.4171875 0.9111111109375001 0.371875
11 0.6916666671875 0.35703125 0.6486111109375 0.34609375 0.6458333328125 0.34765625 0.6347222218749999 0.38046875 0.6513888890625 0.38515625 0.6875 0.38671875 0.69305555625 0.37734375 0.6875 0.3734375 0.6916666671875 0.35703125
11 0.6958333328124999 0.35703125 0.65 0.3546875 0.6375 0.3671875 0.6375 0.378125 0.64444444375 0.37578125 0.6569444437499999 0.38046875 0.6888888890625 0.384375 0.6958333328124999 0.37421875 0.6958333328124999 0.35703125
11 0.95 0.375 0.9375 0.37578125 0.9388888890624999 0.40546875 0.9986111109375001 0.39609375 0.9986111109375001 0.378125 0.99444444375 0.3765625 0.972222221875 0.3796875 0.95 0.375
13 0.20416666718749998 0 0.20972222187499998 0.01015625 0.20416666718749998 0.0328125 0.2138888890625 0.03671875 0.225 0.0609375 0.2513888890625 0.078125 0.240277778125 0.0953125 0.2416666671875 0.11484375 0.25694444375000003 0.121875 0.2666666671875 0.13203125 0.36805555624999997 0.15078125 0.39027777812500003 0.1765625 0.40694444374999994 0.18359375 0.4375 0.18828125 0.4611111109375 0.21015625 0.4875 0.2140625 0.5388888890625 0.2109375 0.5486111109375 0.21796875 0.5611111109375 0.21796875 0.5833333328125 0.20859375 0.602777778125 0.1859375 0.625 0.17265625 0.6638888890625 0.17109375 0.7083333328125 0.16171875 0.7388888890625 0.146875 0.7416666671875001 0.140625 0.7513888890625 0.1359375 0.790277778125 0.13203125 0.8430555562500001 0.12109375 0.8861111109375001 0.12734375 0.9041666671874999 0.1234375 0.9305555562500001 0.12421875 0.9583333328125001 0.1171875 0.9666666671874999 0.10234375 0.9861111109375 0 0.20416666718749998 0
6 0.3875 0.34296875 0.3986111109375 0.3265625 0.397222221875 0.31328125 0.39027777812500003 0.3078125 0.38333333281250004 0.3140625 0.3875 0.34296875
6 0.4 0.31015625 0.397222221875 0.3296875 0.40555555625000006 0.33203125 0.41111111093749997 0.31796875 0.40694444374999994 0.309375 0.40277777812500004 0.3078125 0.4 0.31015625
11 0.33194444375 0.34140625 0.33055555625 0.32578125 0.2986111109375 0.32578125 0.29722222187499997 0.34140625 0.33194444375 0.34140625
11 0.34861111093749997 0.32578125 0.34027777812500004 0.32890625 0.3361111109375 0.34140625 0.3611111109375 0.346875 0.38055555625 0.34609375 0.3791666671875 0.33515625 0.372222221875 0.328125 0.34861111093749997 0.32578125
11 0.5319444437499999 0.3609375 0.525 0.36015625 0.51805555625 0.35234375 0.5166666671875 0.340625 0.502777778125 0.33671875 0.4916666671875 0.33828125 0.477777778125 0.3328125 0.415277778125 0.33125 0.40833333281249995 0.3359375 0.39444444375 0.3375 0.3916666671875 0.346875 0.41111111093749997 0.35234375 0.4583333328125 0.35546875 0.5097222218749999 0.3640625 0.525 0.36484375 0.5319444437499999 0.3609375