6 0.88046284375 0.5580808234375 0.8877620687500001 0.5572010640625 0.8842584499999999 0.5468639390625001 0.900024759375 0.5393860109374999 0.9178348890624999 0.5365267984375001 0.9108276500000001 0.5622596671875 0.9338931859375 0.5626995390625 0.9254261015624999 0.5552216109375 0.9303895671875001 0.5360869265625 0.93535303125 0.5341074734375 0.92805380625 0.5074948609375001 0.9330172703124999 0.487700353125 0.92601003125 0.4628472546875 0.92396625625 0.4591082828125 0.9102436765625 0.4597681015625 0.9055721984374999 0.47472395 0.892725534375 0.48242181406249995 0.8889299718749999 0.5184918093750001 0.8892219140625001 0.535427103125 0.8711198421875 0.5433449203125 0.88046284375 0.5580808234375
6 0.731963859375 0.5367709015625 0.7540939453125 0.5384017125 0.7591453718750001 0.509047159375 0.7627535375 0.4941886796875 0.7651589796875 0.4815046140625 0.761310275 0.47099496093750004 0.7589048328125 0.468276946875 0.760588634375 0.45504927500000003 0.7464727421874999 0.45902340625000004 0.7463965171875 0.46519652968749997 0.734369303125 0.47208216406250003 0.730520596875 0.5005307125 0.7312422375 0.5132147796875 0.7269124328125 0.524268034375 0.731963859375 0.5367709015625
6 0.4187156671875 0.49507471406250003 0.41625749062499995 0.4938077390625 0.41729251562499997 0.4896169796875 0.41903911093749996 0.48873984375 0.41716313437499997 0.47689850468749995 0.417421890625 0.47460820625 0.4195566234375 0.4744132859375 0.418262846875 0.471733146875 0.415629865625 0.472608090625 0.4154165390625 0.4747056640625 0.4123114734375 0.47689850468749995 0.41159989843749994 0.4901042765625 0.4125055421875 0.4901042765625 0.41373463125 0.4955620109375 0.4187156671875 0.49507471406250003
6 0.41988006718750004 0.49205346875 0.416516246875 0.49507471406250003 0.41839222343750004 0.49575693125000003 0.42085039843749994 0.49580565937500004 0.420979775 0.48951952343749994 0.4228557515625 0.4889834921875 0.4227910625 0.49570820156249995 0.425184546875 0.495172175 0.42589612343749994 0.4863520859375 0.42816023124999997 0.476849775 0.42479641562500003 0.4756315296875 0.425378615625 0.47261028281249995 0.4231791953125 0.4723179046875 0.42143259375 0.472659015625 0.4199447546875 0.47636247656249997 0.41761595937499996 0.48021213124999995 0.4178747109375 0.483184646875 0.4187803546875 0.4889834921875 0.41988006718750004 0.49205346875
6 0.4303596515625 0.491225065625 0.43818699531250005 0.48927587343749995 0.43999828281250003 0.485426215625 0.440968615625 0.4844028921875 0.4352113109375 0.48191767343749997 0.43501724218750004 0.47982229062500004 0.43123863125 0.48168125 0.433335334375 0.48489018906250003 0.4311359140625 0.487131759375 0.42634894687499997 0.4885449265625 0.4242142140625 0.4951234453125 0.42958338749999997 0.4956594734375 0.4303596515625 0.491225065625
6 0.3939323015625 0.49170124531250003 0.3934736640625 0.48886330468750006 0.3952099296875 0.48846846250000003 0.3945547359375 0.48511228749999996 0.3942271390625 0.48074432656250005 0.39282138906249997 0.48067477968750005 0.3882648703125 0.481854825 0.390164934375 0.48348355625000006 0.3928184703125 0.482299025 0.39078736875 0.4853343875 0.39032873281249997 0.4915531796875 0.3939323015625 0.49170124531250003
2 0.3636532734375 0.5101540609375 0.36969866093750003 0.5066526609374999 0.370163690625 0.5003501406249999 0.3655133921875 0.497899159375 0.3678385421875 0.49229691875 0.36830357187499996 0.48879551875000005 0.365978421875 0.484943978125 0.3520275296875 0.4814425765625 0.33993675625 0.477240896875 0.346912203125 0.48214285781250005 0.3515625 0.4873949578125 0.34970238125 0.4947479 0.3486902578125 0.4988122703125 0.3478422625 0.4985994390625 0.34458705312500004 0.503851540625 0.3422619046875 0.5105042015625 0.34365699375 0.5171568625 0.346912203125 0.5220588234375 0.3552827375 0.521008403125 0.360398065625 0.5161064421875 0.3636532734375 0.5101540609375
6 0.3633087484375 0.474707021875 0.3603285609375 0.4733679234375 0.3589691765625 0.4743919390625 0.35881232343749997 0.47620366562500005 0.3557275640625 0.47624305 0.35573421875 0.481742575 0.3638838765625 0.483883803125 0.3660275171875 0.48254470156249996 0.366445790625 0.47959080312499996 0.363413315625 0.47588858125 0.3633087484375 0.474707021875
6 0.324095728125 0.48734971250000003 0.3263962265625 0.4883343453125 0.32919566875 0.4861228578125 0.3292195640625 0.48648323437499996 0.33063123125 0.472462059375 0.328173884375 0.47084726093749996 0.32367745625 0.4733679234375 0.324095728125 0.48734971250000003
6 0.321703096875 0.4791575625 0.32118025625 0.47305283906250006 0.3191934609375 0.4722651328125 0.3190366109375 0.46931123281250003 0.3168415171875 0.46978292499999996 0.31203055156250004 0.47372238906249997 0.31302394843750003 0.485459215625 0.3152198765625 0.4851441328125 0.31637012656249996 0.48033912343749996 0.3187751921875 0.48033912343749996 0.321703096875 0.4791575625
4 0.1507161453125 0.59926470625 0.1481119796875 0.5977941171875 0.1458333328125 0.5975490203125 0.1409505203125 0.5995098046875 0.1409505203125 0.607352940625 0.1461588546875 0.61176470625 0.1487630203125 0.611274509375 0.150390625 0.6095588234375 0.1516927078125 0.6039215687499999 0.1507161453125 0.59926470625
4 0.724609375 0.5208333328125 0.7281901046875 0.521568628125 0.7327473953125 0.5193627453125 0.7340494796875 0.5169117640625001 0.732421875 0.513725490625 0.7330729171875 0.5083333328124999 0.73046875 0.49534313750000003 0.7317708328125 0.49142156875 0.724609375 0.490686275 0.7317708328125 0.48921568593750003 0.7307942703125 0.4879901953125 0.7281901046875 0.48774509843749997 0.7233072921875 0.4911764703125 0.7164713546875 0.49264705937500003 0.7076822921875 0.4977941171875 0.7027994796875 0.5017156859375 0.703125 0.5213235296875001 0.7054036453125 0.5264705875 0.7093098953125 0.526960784375 0.716796875 0.5259803921875 0.720703125 0.5220588234375 0.724609375 0.5208333328125
4 0.75927734375 0.525 0.7682291671875 0.5259803921875 0.7799479171875 0.5259803921875 0.78515625 0.526960784375 0.7981770828125 0.5247549015625 0.8024088546874999 0.52573529375 0.810546875 0.52573529375 0.8199869796874999 0.5291666671875 0.8180338546874999 0.5333333328125 0.8216145828125001 0.5372549015625 0.8317057296874999 0.5375 0.8356119796874999 0.5352941171875 0.8391927078125001 0.52892156875 0.8499348953125001 0.5200980390625001 0.8512369796874999 0.5181372546875 0.8499348953125001 0.501960784375 0.8460286453125001 0.49852941250000005 0.8424479171874999 0.49705882343749996 0.8297526046874999 0.49387254843750006 0.8248697921874999 0.490931371875 0.8199869796874999 0.48553921562499996 0.8102213546874999 0.48039215625000004 0.7877604171875 0.4774509796875 0.7685546875 0.4774509796875 0.7652994796875 0.4794117640625 0.7639973953125 0.48235294062499995 0.7639973953125 0.4943627453125 0.76171875 0.4977941171875 0.76171875 0.5061274515624999 0.7587890625 0.5095588234374999 0.7584635421875 0.513725490625 0.755859375 0.5174019609375 0.7555338546875 0.52426470625 0.7571614578125 0.525 0.7555338546875 0.52573529375 0.7561848953125 0.5264705875 0.7552083328125 0.5291666671875 0.75927734375 0.525
16 0.6178385421875 0.4786764703125 0.6171875 0.4754901953125 0.6106770828125 0.46789215625 0.6070963546875 0.4661764703125 0.6028645828125 0.465931371875 0.6005859375 0.46666666718750005 0.6002604171875 0.47083333281249995 0.59765625 0.47450980468750004 0.599609375 0.4799019609375 0.603515625 0.48137254843750005 0.6158854171875 0.4806372546875 0.6178385421875 0.4786764703125
16 0.5638020828125 0.4830882359375 0.580078125 0.48259803906250004 0.5836588546875 0.48333333281249996 0.5872395828125 0.4774509796875 0.5927734375 0.47450980468750004 0.5914713546875 0.47181372499999996 0.5888671875 0.47303921562499995 0.5862630203125 0.47205882343749994 0.5859375 0.469117646875 0.587890625 0.46666666718750005 0.5836588546875 0.46421568593750007 0.5810546875 0.4649509796875 0.5712890625 0.46519607812499997 0.5680338546875 0.46666666718750005 0.5638020828125 0.46642156874999996 0.5524088546875 0.47009803906250003 0.5517578125 0.4705882359375 0.5540364578125 0.47426470624999995 0.5540364578125 0.478431371875 0.556640625 0.48039215625000004 0.5602213546875 0.4811274515625 0.5638020828125 0.4830882359375