6 0.1787122109375 0.568749346875 0.1915881875 0.5666477328124999 0.19643920625 0.538068040625 0.2078298953125 0.5373402171875 0.2150797625 0.564108771875 0.22984733125 0.5525819984375 0.2109736296875 0.491150646875 0.19947367968750002 0.487288896875 0.1982581390625 0.4728133703125 0.1786939875 0.4709023078125 0.18030823125 0.48412083125 0.1777269 0.49162541875 0.1804235671875 0.5213260765625 0.176002759375 0.5486550046875001 0.1837732828125 0.555753003125 0.1787122109375 0.568749346875
6 0.69043564375 0.44635539062499996 0.687442246875 0.4394141203125 0.685017978125 0.43740776875 0.68053368125 0.436793203125 0.68182714375 0.4395585046875 0.6797602375 0.4403827265625 0.68011264375 0.45535964531250006 0.6845170265625 0.4534609484375 0.6853053890624999 0.447682596875 0.69043564375 0.44635539062499996
2 0.660673546875 0.4548292375 0.664578728125 0.44917993906250003 0.6755331171875001 0.44516902031249994 0.663702590625 0.44736853125 0.638859384375 0.45955964531250004 0.640950015625 0.46286965 0.6438503078125 0.4671787140625 0.6445210343750001 0.470927640625 0.6413871875 0.4726598703125 0.643361040625 0.478990521875 0.6468050984375 0.48104925156249995 0.6507869359375 0.48523221093749996 0.6547466156249999 0.4891443875 0.6601040421875 0.4923468578125 0.6676305453125 0.490922553125 0.66943910625 0.48633781562499995 0.67343291875 0.48177165000000005 0.6701499531249999 0.47723383750000004 0.6659908515625 0.4708846125 0.6645769359375 0.46694897500000004 0.671382409375 0.4656087390625 0.6711829859375 0.46317169375 0.663722959375 0.465408346875 0.6631187046875 0.46247176874999996 0.6614329046874999 0.45966129687499996 0.660673546875 0.4548292375
6 0.6708103203125 0.45549653125 0.674389625 0.4553708078125 0.6758525343749999 0.44360866718749997 0.6696952656249999 0.4369168359375 0.6700275015625 0.44355882031249994 0.6708103203125 0.45549653125
6 0.644877978125 0.44479463125 0.6409918218749999 0.445413653125 0.6396508046875 0.44952310781250004 0.6402366734375 0.463204703125 0.64317609375 0.46372134374999996 0.6436854078125 0.4569015890625 0.6509309234375 0.45227555625000004 0.644877978125 0.44479463125
6 0.6135553421875 0.45648483593750006 0.6168759140625 0.4571768546875 0.61821498125 0.4559905890625 0.6126553375 0.45514812656250003 0.6108993875000001 0.45434181406249996 0.610229553125 0.45971775 0.6121235859375 0.4605270484375 0.6115292984375 0.46682619843750006 0.6177517031249999 0.46708176406249996 0.617106528125 0.4599951 0.6135553421875 0.45648483593750006
6 0.58818654375 0.466359390625 0.5912853015625 0.46673389531250004 0.5888844609375 0.4732927453125 0.594348915625 0.47226316874999996 0.5932728734375 0.467090796875 0.5954663499999999 0.4675708546875 0.595446225 0.45535875 0.592343878125 0.4502831234375 0.589139684375 0.4484906984375 0.5871161234375 0.4508850171875 0.589611990625 0.451869409375 0.5885144343750001 0.45680467656249996 0.5850404796875 0.45902473437499997 0.5884962390624999 0.461368825 0.58818654375 0.466359390625
6 0.5883250703125 0.46246797031250003 0.5862552453125 0.4571171484375 0.588183175 0.4567451953125 0.5880818796875 0.4539118703125 0.58436538125 0.453167909375 0.5857701578125 0.45118911562499997 0.5824528296875 0.45008781718749996 0.578734771875 0.45456023281249996 0.580324134375 0.4596237 0.58151150625 0.46615660312499996 0.5833007203125 0.4728646046875 0.591078984375 0.4729878125 0.5886896296875 0.47091181249999997 0.5883250703125 0.46246797031250003
6 0.5819074328125 0.4662085453125 0.575774590625 0.46545199843749996 0.575340996875 0.4633441828125 0.5758217359375 0.459810621875 0.572511125 0.45827819375 0.5676035328125 0.46292188906250004 0.5675545765625001 0.46631232499999997 0.5727252390625 0.470467678125 0.5778981921875 0.46986452500000003 0.57764625625 0.4739653875 0.5836876515625 0.473604353125 0.5819074328125 0.4662085453125
16 0.44338471874999996 0.466582528125 0.43270455625000004 0.4609368734375 0.4203159203125 0.4613895796875 0.4129804640625 0.4632366515625 0.412389171875 0.4688183453125 0.41857336875 0.4771539390625 0.4252371078125 0.4785426859375 0.433689825 0.47617893437500003 0.448742446875 0.4744238375 0.44338471874999996 0.466582528125
4 0.1406260953125 0.525197284375 0.1399011765625 0.536353153125 0.1383133546875 0.540966828125 0.14065898125 0.54561393125 0.1502824015625 0.551134671875 0.1514951 0.5539456328125001 0.15722495625 0.5599203546875 0.161622465625 0.5616218843749999 0.1658604359375 0.5613737765625 0.16823678125 0.5583903718750001 0.174301878125 0.5564530484375 0.180182109375 0.5562594890625 0.1824188578125 0.551570153125 0.18017294374999998 0.5481415703125 0.1821251140625 0.5439774749999999 0.1822118828125 0.52502305625 0.1791591140625 0.5037283703125001 0.1773573171875 0.5017241875 0.174132621875 0.502346209375 0.16471239843750002 0.5113175375 0.1605687515625 0.516721275 0.15393449374999998 0.51970908125 0.145902671875 0.521629690625 0.1406260953125 0.525197284375
4 0.2231120796875 0.492452821875 0.21534489531249998 0.49360448593750006 0.2128688375 0.49536936562499995 0.21236867343750002 0.5052688796875 0.2103566765625 0.5087018624999999 0.2110347109375 0.5169878203125 0.21348543437499998 0.5189163421874999 0.21842138125 0.5271978984375 0.22027761875000001 0.533870303125 0.22747942187499998 0.545824146875 0.230194784375 0.5469837203125001 0.2350417984375 0.546172540625 0.23984353593750002 0.548811059375 0.2460881171875 0.5490670765625 0.254504228125 0.54783975 0.25813854375 0.5442176109375 0.2605601609375 0.5377845078125 0.2640295515625 0.5361498375 0.27729267812499997 0.53411133125 0.28843870781250003 0.538224390625 0.296350875 0.5348415531249999 0.298283103125 0.53043375 0.2978950375 0.5176854453125 0.296343321875 0.5107315046875 0.29077300156249997 0.5067064203125 0.27417091718750003 0.5039676140625 0.273686915625 0.502055809375 0.26905010156250003 0.49742982031249994 0.25740012968750003 0.4911612515625 0.24590430468750002 0.49077942500000005 0.2231120796875 0.492452821875