6 0.8124428734375 0.5251873781249999 0.8195878046875 0.5530953484375 0.8325545515625 0.5536933828125 0.8264681140624999 0.5413341375 0.833613065625 0.53336043125 0.82699738125 0.5066485140625 0.8272620046875 0.4767471171875 0.8240864625000001 0.4695707890625 0.8246157296875 0.4562148265625 0.8053287421875 0.4603911421875 0.8052979203125 0.474953034375 0.7941835765625 0.48013594375 0.7804229390625 0.5435269109374999 0.7960359609375 0.5532946875 0.8010638859375 0.5257854046875 0.8124428734375 0.5251873781249999
6 0.3241860078125 0.48401259999999996 0.3220649375 0.4834315828125 0.3231254765625 0.4805265109375 0.3187190640625 0.4816596265625 0.3164730390625 0.48393997187500004 0.3140627359375 0.49120265312500005 0.3192689921875 0.49192892187500004 0.32052234375 0.497593815625 0.32505371875 0.4989737265625 0.3241860078125 0.48401259999999996
2 0.353009259375 0.5296840953124999 0.3566261578125 0.5253267968750001 0.36024305624999997 0.5206971671875 0.3634982640625 0.5182461875000001 0.3649450234375 0.5117102390625 0.3616898140625 0.510348584375 0.3620515046875 0.5065359484374999 0.3645833328125 0.5019063187499999 0.3663917828125 0.4983660125 0.34071180624999997 0.4891067546875 0.3287760421875 0.4882897609375 0.339988425 0.491013071875 0.344328703125 0.49618736406249997 0.3439670140625 0.5010893249999999 0.3425202546875 0.5040849671875 0.3421585640625 0.507080609375 0.334563078125 0.5057189546874999 0.334563078125 0.508169934375 0.3414351859375 0.508714596875 0.340350115625 0.5127995640624999 0.3367332171875 0.51960784375 0.3338397 0.5245098046875001 0.3381799765625 0.528594771875 0.340350115625 0.5329520703124999 0.3479456015625 0.5334967328125 0.353009259375 0.5296840953124999
6 0.328331725 0.48677241875000005 0.33074202812500003 0.49832008437499997 0.33430928125000003 0.498029575 0.3341164515625 0.48604615000000007 0.33390649375 0.4793907296875 0.328331725 0.48677241875000005
6 0.3631222625 0.48452129375 0.35920995312500004 0.4843560171875 0.35380302812500003 0.4925116921875 0.361379640625 0.49627859374999994 0.3624403671875 0.5030133593749999 0.36531948125 0.5021572453125 0.364789115625 0.4884594171875 0.3631222625 0.48452129375
6 0.39414269687500003 0.5024304953125001 0.393039859375 0.4962242328125 0.39485629375000003 0.495197996875 0.39375345624999997 0.4899202265625 0.39207400312499996 0.49092745000000004 0.3866174703125 0.49241250625 0.3880446703125 0.4934387390625 0.3912883015625 0.4923636375 0.3880446703125 0.496273096875 0.3879798 0.5034078609375 0.39414269687500003 0.5024304953125001
6 0.4142531984375 0.49998708281250004 0.41730221875 0.499254059375 0.416588615625 0.49431836718750005 0.419832246875 0.49158175000000004 0.41619937656249995 0.48977362031249994 0.41470731406250005 0.48498453281250004 0.4171075984375 0.483713959375 0.414901925 0.48156375625000003 0.41186343125 0.4837215796875 0.40919314375000004 0.4891383375 0.41016623281250003 0.5013065250000001 0.4123070203125 0.5005735015624999 0.41165829374999996 0.505851271875 0.41717246562500004 0.5062422203125 0.4142531984375 0.49998708281250004
6 0.416848103125 0.49539346875 0.41717246562500004 0.503847675 0.4149668015625 0.5061933484375001 0.4226866375 0.5051671171875001 0.42391922187500003 0.4982766953125 0.42456794843749995 0.4916306140625 0.42573565625 0.4864017125 0.4216770421875 0.4823781109375 0.4184699171875 0.48386056406250005 0.42002686562499997 0.48566868906250005 0.416393996875 0.4868415265625 0.4165237390625 0.4896758859375 0.4184699171875 0.48982249062500005 0.416848103125 0.49539346875
6 0.428395428125 0.50560693125 0.42781157812500004 0.501550865625 0.4330013859375 0.501550865625 0.43780195468749994 0.4968106484375 0.4374775921875 0.4934387390625 0.43222291718749994 0.48938267812499997 0.42905752656249996 0.49129385000000003 0.4298226234375 0.4947581859375 0.4295631359375 0.4969083828125 0.4235299828125 0.4983744296875 0.4223622734375 0.5059490078125 0.428395428125 0.50560693125
16 0.5867376203125 0.49030616406250005 0.592205478125 0.48128381249999996 0.5911639609375 0.4757919421875 0.583723953125 0.474803921875 0.571375603125 0.4757919421875 0.5612210156249999 0.48265677656249995 0.5565342859375 0.49109071875000004 0.571635953125 0.49109071875000004 0.580228284375 0.492463684375 0.5867376203125 0.49030616406250005
4 0.8359375 0.540931371875 0.8421223953125001 0.5421568625 0.8447265625 0.544852940625 0.8489583328125001 0.5446078437499999 0.8531901046874999 0.5424019609374999 0.8583984375 0.5357843140624999 0.859375 0.5328431375 0.8684895828125001 0.526225490625 0.8704427078125001 0.5213235296875001 0.8684895828125001 0.5169117640625001 0.8668619796874999 0.505882353125 0.861328125 0.5029411765625 0.8531901046874999 0.501960784375 0.8463541671874999 0.4997549015625 0.841796875 0.49485294062499996 0.8317057296874999 0.48700980468750005 0.8284505203125001 0.48676470624999996 0.8268229171874999 0.4889705875 0.8255208328125001 0.5105392156249999 0.8271484375 0.5294117640625 0.8294270828125001 0.5333333328125 0.8274739578125001 0.5370098046875 0.830078125 0.5414215687499999 0.8359375 0.540931371875
4 0.7451171875 0.5311274515625 0.7486979171875 0.5323529406249999 0.7516276046875 0.5384803921875 0.7555338546875 0.5416666671875 0.7639973953125 0.5419117640625 0.7701822921875 0.540931371875 0.7747395828125 0.5377450984375 0.7796223953125 0.5379901953124999 0.7822265625 0.5365196078125 0.7884114578125 0.523774509375 0.7897135421875 0.5169117640625001 0.7939453125 0.5080882359375 0.7962239578125 0.505882353125 0.7962239578125 0.49754902031250003 0.7939453125 0.4943627453125 0.7926432296875 0.48455882343749995 0.7900390625 0.4830882359375 0.7822265625 0.4828431375 0.7594401046875 0.48382352968750003 0.748046875 0.48553921562499996 0.7369791671875 0.4931372546875 0.7327473953125 0.49828431406249996 0.732421875 0.5002450984375 0.7161458328125 0.5049019609375 0.7109375 0.5095588234374999 0.7099609375 0.5166666671875 0.7106119796875 0.5294117640625 0.712890625 0.53357843125 0.7210286453125 0.5360294125 0.7317708328125 0.5306372546875 0.7451171875 0.5311274515625