2 0.5834455796875 0.8051701796874999 0.581372884375 0.8232087984375 0.579168940625 0.8367301921875001 0.578482596875 0.8577954234374999 0.586581940625 0.8684264171875 0.596111384375 0.8835897671874999 0.5980227375 0.9046852703124999 0.6067646734375 0.892745290625 0.6142077625 0.8807901765624999 0.6163679578125 0.8657630421875 0.6166167984375 0.8296404046875001 0.61085265 0.8100052359375001 0.5963465640625001 0.80231005 0.5834455796875 0.8051701796874999
2 0.709238103125 0.8177747 0.71058125625 0.792502475 0.6949950734375 0.79232085625 0.6953800765625 0.805571371875 0.694761 0.820014371875 0.7042527109375001 0.8249417156250001 0.709238103125 0.8177747
2 0.75178455 0.834225921875 0.75385724375 0.81618730625 0.756061190625 0.8026659125 0.751858390625 0.7920803234375 0.7414238515625 0.7904535015625 0.74194885625 0.8085223890625001 0.7462391546875 0.8221194578125001 0.75178455 0.834225921875
2 0.7790904609375 0.790892415625 0.7635917796875 0.793722278125 0.7679695765625 0.8103308281249999 0.771004778125 0.8254185046875 0.776681425 0.8420421890625001 0.7846057671875 0.8466502203124999 0.7866784609375 0.8286116046875 0.7874085562500001 0.8090521125000001 0.7909113484375 0.7955458531249999 0.7790904609375 0.790892415625
4 0.25304748125 0.8112547031249999 0.2632982703125 0.8065574140624999 0.2625041921875 0.8149774515624999 0.26569142968750004 0.8174229609375001 0.27296498125 0.8175077171874999 0.279024453125 0.811557403125 0.2737240609375 0.807883084375 0.2754522140625 0.795861378125 0.2675136578125 0.772889365625 0.234707209375 0.752035946875 0.20859023593749998 0.746914878125 0.21656379375 0.77109148125 0.2151856390625 0.7951591140625001 0.22596143125 0.8085307109375 0.25304748125 0.8112547031249999
2 0.25986603124999996 0.7956797578125 0.257402871875 0.782405025 0.25383063125 0.7667090015625 0.252137475 0.7799353 0.2345081359375 0.7809340578125 0.2221091890625 0.7831979453125 0.2236232703125 0.8035440703125 0.23822037499999998 0.8014484515625 0.255709715625 0.795631325 0.2551606421875 0.8124835109375 0.2680145890625 0.8258793234375 0.2750781390625 0.8187365234374999 0.2715759 0.805449684375 0.25986603124999996 0.7956797578125
4 0.1604753921875 0.84268898125 0.172524334375 0.8283791656249999 0.177089725 0.8067570421875001 0.1727824796875 0.7657645765625001 0.1552472109375 0.734251446875 0.1467945796875 0.7293362125 0.1322824734375 0.73037129375 0.136471578125 0.8387967171874999 0.1604753921875 0.84268898125
4 0.17916788125 0.8067812578125 0.1975213 0.7949532796875001 0.21515063906249998 0.793954521875 0.21670379374999998 0.7759098515625 0.21316655468749998 0.76141841875 0.1968803671875 0.73714495 0.16431891875 0.7247236796875 0.15822444687499998 0.7294693999999999 0.141529184375 0.7268664874999999 0.141634184375 0.730480265625 0.1584694484375 0.7379015484375 0.1682411609375 0.7524656281250001 0.17378655781250002 0.7645720921875 0.17916788125 0.8067812578125
4 0.2964087921875 0.8021264984375 0.29499563906250004 0.8249895390624999 0.30476735312500003 0.8395536203124999 0.3203535359375 0.8397352390625 0.337807875 0.8327135203125 0.347264584375 0.8364362703125 0.38463642343750004 0.8356675656249999 0.39312405625 0.8417873890625 0.40247576562500004 0.8418963609375 0.4115474734375 0.8323685953125001 0.43035589375 0.836200315625 0.4362753640625 0.8254316312500001 0.428990884375 0.7892212125 0.40002574687500003 0.75757489375 0.38218640625 0.7513460953125 0.3427714109375 0.7532951765625 0.3232039125 0.7590880875 0.30218826249999997 0.786539446875 0.2964087921875 0.8021264984375
4 0.5689974578125 0.8173447140625001 0.571589690625 0.7993121515625 0.564970215625 0.7859889859375 0.5646552125000001 0.7751476562499999 0.5520112640625 0.7689793984375 0.5385032390625 0.7688219953125001 0.5273533734375 0.778325546875 0.5305865390625 0.8181013125 0.5689974578125 0.8173447140625001
4 0.339549171875 0.749645075 0.33861509375 0.7532467453125 0.38530364375000004 0.75138241875 0.3768160109375 0.7452625921875 0.3601207484375 0.7426596796875 0.34456956562499996 0.743682653125 0.339549171875 0.749645075
4 0.5043536375000001 0.7732408015625001 0.5066527265625 0.8166182359375 0.5129922 0.8203046609375001 0.5264302234375 0.8180528796875001 0.5270843000000001 0.8048144703125001 0.518176665625 0.7842395375 0.5043536375000001 0.7732408015625001
4 0.624816784375 0.7722361421875 0.6271399453125001 0.7806925031249999 0.62333363125 0.792689996875 0.6303381109374999 0.8192636765625 0.6449202140625 0.8206377828125 0.651983765625 0.8134949828125 0.662304553125 0.811206878125 0.6594913906250001 0.785886221875 0.6529069140625 0.7737676484375 0.624816784375 0.7722361421875
4 0.869746253125 0.8365036218749999 0.8966573015625 0.833204653125 0.910340328125 0.83938501875 0.920591115625 0.834687728125 0.92796966875 0.8383862625 0.957997953125 0.8351236156249999 0.9694628234374999 0.836461396875 0.9800636125000001 0.84381003125 0.9920775546874999 0.8282956265625 0.9937007109374999 0.812660140625 0.9892643921875001 0.8029749687500001 0.9513216218749999 0.74834453125 0.9199742546874999 0.7419583296875001 0.8671212328125 0.7461591921874999 0.8574654484374999 0.771334553125 0.8571263765625 0.7954142921875 0.869746253125 0.8365036218749999