2 0.5946302218749999 0.7787243734375 0.594803009375 0.7998146312500001 0.6033147765625 0.8093781828125 0.6134375390625 0.8232777062500001 0.61620275 0.8440659390624999 0.6244367984375 0.8310435734375 0.6313746359375 0.8181722171875 0.6329177734375 0.8029135890625 0.6316957015625 0.7668667250000001 0.6251467859375001 0.7480271859375 0.6103638203124999 0.742210015625 0.5976115671875 0.7467114546875 0.5962782859375 0.7649614046875 0.5946302218749999 0.7787243734375
2 0.708358634375 0.71963501875 0.70928200625 0.7327968328125001 0.7092523500000001 0.7472759828125 0.7189208421875 0.7509748109375 0.723602028125 0.7431915921875001 0.72391316875 0.7178228765625 0.708358634375 0.71963501875
2 0.7696928562500001 0.7221398906250001 0.7650697234375 0.7121233015625 0.75459510625 0.7118357375000001 0.7558542484374999 0.7297836625 0.7606872375 0.742791571875 0.766711509375 0.7541528078125 0.7680447906250001 0.7359028578125 0.7696928562500001 0.7221398906250001
2 0.7818833984375 0.7282590843750001 0.7855251062499999 0.7429136656249999 0.7918641640625 0.7587618843749999 0.799956215625 0.76234279375 0.8012894953125 0.7440928437500001 0.8012216359375 0.724498246875 0.8041659125 0.710584265625 0.7921852281249999 0.707456390625 0.7768405515625 0.7122598546875001 0.7818833984375 0.7282590843750001
4 0.2778733015625 0.797532746875 0.28115209375 0.799563375 0.28841087656250003 0.7987177062499999 0.294212975 0.792010209375 0.288776303125 0.7890246703125 0.2900108125 0.77681776875 0.281157115625 0.7549293953125 0.24758405468750003 0.7383335078125 0.2213240609375 0.7365676328124999 0.2302617 0.7596525328125 0.22986661718749998 0.7838247203125001 0.2411596765625 0.7957784375 0.268288753125 0.795030446875 0.2783226703125 0.7890362390625001 0.2778733015625 0.797532746875
2 0.2672568078125 0.750517278125 0.266106240625 0.7639207078125 0.2485617125 0.7671709984375 0.23628597187499997 0.7710137718750001 0.238624403125 0.7911056640624999 0.25309964687500003 0.7871495515625 0.270308403125 0.7791131499999999 0.270446634375 0.7959853546875 0.28381363125000003 0.8076974531250001 0.29056875625 0.799672615625 0.286534478125 0.786873234375 0.27445627968749997 0.7786299109375 0.2714589703125 0.7657097171875 0.2672568078125 0.750517278125
4 0.1923381984375 0.80025995625 0.1863732359375 0.7599404203125 0.16759922031250002 0.7307636343749999 0.1589676984375 0.726943996875 0.1445340765625 0.7298318593750001 0.1531258984375 0.8373986046875 0.1772280109375 0.838209571875 0.1886643234375 0.8224015140625 0.1923381984375 0.80025995625
4 0.229782675 0.78262819375 0.2305974703125 0.764438646875 0.22647925 0.7504427359375 0.2092458609375 0.7283243109375 0.17626039843750002 0.7201041234375001 0.17037435625 0.7256150921875 0.1536149671875 0.7251549890625 0.153866796875 0.7287445734375 0.17096195625 0.7339907921875 0.1813019890625 0.7472618453125001 0.1873262609375 0.7586230828125 0.1944121359375 0.8000183375000001 0.212238146875 0.7858784828125 0.229782675 0.78262819375
4 0.32103091250000004 0.8166309328124999 0.3365854453125 0.814818790625 0.353710259375 0.8055858562499999 0.3632948078125 0.8080881578125 0.40054174375 0.8025424859375001 0.4092572078125 0.80755865 0.418589928125 0.806471365625 0.42725110624999996 0.795811853125 0.4461683734375 0.797226865625 0.45163470156249996 0.785733253125 0.44289460468749997 0.7505622578125 0.41271393125 0.722714378125 0.394665746875 0.718785496875 0.355428815625 0.7257693171875 0.33614612187500004 0.734047340625 0.316300459375 0.76410449375 0.31116990312500004 0.78038421875 0.3106908796875 0.803359878125 0.32103091250000004 0.8166309328124999
4 0.57840175625 0.729950096875 0.5776462703125 0.7191813406249999 0.5647829296875 0.7146484140625 0.551302334375 0.7162189375 0.5405672203125 0.7271200703125 0.54541126875 0.7663638890625 0.583695175 0.7606974078125 0.585546940625 0.7423870515625001 0.57840175625 0.729950096875
4 0.397776653125 0.7184230687500001 0.3890611890625 0.7134069046875 0.37230180156250003 0.7129468 0.3568312109375 0.7159554703125 0.35206608125 0.7225421609375 0.35128094062500004 0.7262525546874999 0.397776653125 0.7184230687500001
4 0.527950684375 0.77081070625 0.54126339375 0.766847125 0.5413769921875 0.753564503125 0.5316542140625 0.734189996875 0.5174181328125 0.724991765625 0.52147704375 0.767945978125 0.527950684375 0.77081070625
4 0.6368917265625 0.7291674046875001 0.64496028125 0.7547661734375 0.6595617875 0.75427136875 0.6663169124999999 0.74624653125 0.676518715625 0.7426453796875 0.6726819796875 0.7177599015625 0.6656207375000001 0.706519475 0.6375386359374999 0.7085848046875001 0.6402001734375 0.716718884375 0.6368917265625 0.7291674046875001
4 1 0.6897469734375 0.9622531453125 0.64300965 0.9307243640625 0.64065129375 0.8781747234375 0.65159869375 0.8695678328125 0.677933884375 0.870209721875 0.7019852609375 0.884470434375 0.741338321875 0.9111797953125 0.7346076890625 0.92508010625 0.7390198078125 0.935114021875 0.733025596875 0.9426246328125 0.7357695171875 0.9724449015625 0.72867645625 0.9839355031249999 0.7285440796875 0.994808846875 0.7345151546875 1 0.7267393875 1 0.6897469734375