2 0.5756237 0.7987364625 0.5730249484375001 0.81227436875 0.571725571875 0.8333333328125001 0.5795218296875 0.8438628156249999 0.5886174640624999 0.858904934375 0.589916840625 0.8799638984374999 0.5990124734375 0.8679302046874999 0.60680873125 0.8558965109375001 0.6094074843749999 0.8408543921874999 0.6107068609375 0.8047533093749999 0.60550935625 0.78519855625 0.591216215625 0.777677496875 0.578222453125 0.7806859203125 0.5756237 0.7987364625
2 0.703742203125 0.7918170875 0.70582120625 0.7665463296875 0.6902286906249999 0.7665463296875 0.6902286906249999 0.77978339375 0.6891891890624999 0.7942238265625 0.6985446984375 0.7990373046875 0.703742203125 0.7918170875
2 0.7510395015625 0.7761732859375 0.747141371875 0.765643803125 0.7367463625 0.7641395906249999 0.7367463625 0.7821901328124999 0.740644490625 0.7957280390625 0.7458419953125001 0.8077617328125 0.7484407484375 0.7897111906250001 0.7510395015625 0.7761732859375
2 0.78092515625 0.8017448859374999 0.7822245328124999 0.7821901328124999 0.7861226609374999 0.7686522265625 0.774428275 0.7641395906249999 0.7588357593749999 0.7671480140625 0.7627338875 0.78369434375 0.765332640625 0.7987364625 0.7705301453125 0.8152827921875 0.778326403125 0.8197954265625 0.78092515625 0.8017448859374999
4 0.25675675625 0.7942238265625 0.259875259375 0.796630565625 0.2671517671875 0.796630565625 0.2733887734375 0.79061371875 0.26819126875 0.7870036093749999 0.2702702703125 0.7749699156250001 0.2629937625 0.7521058968750001 0.23076923124999998 0.7316486156249999 0.2047817046875 0.7268351390625 0.21205821249999998 0.7509025265625 0.209979209375 0.7749699156250001 0.2203742203125 0.7882069796875 0.24740124687499998 0.79061371875 0.25779625781250004 0.785800240625 0.25675675625 0.7942238265625
2 0.252598753125 0.7617328515625 0.24948025000000001 0.7460890499999999 0.24740124687499998 0.7593261124999999 0.2297297296875 0.7605294828125 0.21725571718749997 0.762936221875 0.21817931562499998 0.7832509421875 0.23284823281249997 0.7809867625 0.25051975 0.7749699156250001 0.24948025000000001 0.7918170875 0.2619542625 0.8050541515624999 0.26923076875 0.797833934375 0.266112265625 0.784596871875 0.2546777546875 0.7749699156250001 0.252598753125 0.7617328515625
4 0.1517671515625 0.71480144375 0.14345114375 0.709987965625 0.128898128125 0.7111913359375001 0.1299376296875 0.819494584375 0.153846153125 0.8231046937500001 0.16632016562500002 0.808664259375 0.171517671875 0.7870036093749999 0.16839916875 0.7460890499999999 0.1517671515625 0.71480144375
4 0.1923076921875 0.7749699156250001 0.209979209375 0.773766546875 0.21205821249999998 0.7557160046875 0.208939709375 0.7412755718749999 0.19334719375 0.7172081828125 0.1611226609375 0.7051744890625 0.15488565468749999 0.709987965625 0.1382536375 0.707581228125 0.1382536375 0.7111913359375001 0.15488565468749999 0.7184115531249999 0.1642411640625 0.7328519859375 0.16943866875 0.7448856796875 0.17359667343750002 0.7870036093749999 0.1923076921875 0.7749699156250001
4 0.37837837812499997 0.8134777375000001 0.3866943859375 0.819494584375 0.3960498953125 0.819494584375 0.40540540468749997 0.8098676296875 0.4241164234375 0.8134777375000001 0.4303534296875 0.8026474125 0.4241164234375 0.7665463296875 0.3960498953125 0.735258725 0.37837837812499997 0.7292418765625001 0.3388773390625 0.7316486156249999 0.31912681875 0.7376654640625 0.297297296875 0.7653429609375 0.291060290625 0.7809867625 0.2889812890625 0.8038507828125001 0.2983367984375 0.818291215625 0.3139293140625 0.818291215625 0.33160083125 0.8110709984375 0.340956340625 0.8146811078124999 0.37837837812499997 0.8134777375000001
4 0.5478170484375 0.7448856796875 0.534303534375 0.7448856796875 0.5228690234375 0.7545126359375 0.524948025 0.7942238265625 0.5634095640625 0.7930204578125 0.5665280671875 0.7749699156250001 0.5602910609375 0.7617328515625 0.5602910609375 0.7509025265625 0.5478170484375 0.7448856796875
4 0.3357588359375 0.7280385078125 0.334719334375 0.7316486156249999 0.38149688125000003 0.7292418765625001 0.3731808734375 0.7232250296875 0.35654885625 0.720818290625 0.340956340625 0.7220216609375 0.3357588359375 0.7280385078125
4 0.5 0.7496991578125 0.5010395015625 0.7930204578125 0.5072765078125 0.796630565625 0.5207900203125 0.7942238265625 0.521829521875 0.7809867625 0.5135135140625 0.7605294828125 0.5 0.7496991578125
4 0.65696465625 0.785800240625 0.6548856546875 0.7605294828125 0.6486486484375 0.7484957875 0.6205821203124999 0.7472924187500001 0.6226611234375 0.7557160046875 0.61850311875 0.7677496984375 0.624740125 0.7942238265625 0.6392931390625 0.795427196875 0.646569646875 0.7882069796875 0.65696465625 0.785800240625
4 0.922037421875 0.8098676296875 0.9521829515625001 0.8062575203125 0.9636174640625 0.807460890625 0.9740124734375 0.8146811078124999 0.9864864859375 0.7990373046875 0.9885654890625 0.7833935015625 0.984407484375 0.773766546875 0.9480249484375 0.719614921875 0.9168399171875 0.7135980749999999 0.8638253640625001 0.7184115531249999 0.853430353125 0.7436823109375 0.852390853125 0.7677496984375 0.8638253640625001 0.808664259375 0.890852390625 0.8050541515624999 0.9043659046875 0.8110709984375 0.9147609140625 0.8062575203125 0.922037421875 0.8098676296875