6 0.921121259375 0.43793045468749997 0.919186965625 0.4342254625 0.9054500687499999 0.435125221875 0.9003452359375 0.4501694859375 0.88727923125 0.458095209375 0.8824358609375 0.4942479765625 0.8822351078124999 0.511185915625 0.8639091656250001 0.51942346875 0.872820228125 0.5340029515625 0.8801424484375 0.532995321875 0.8769407484375 0.5227146546875 0.8929189624999999 0.51495798125 0.910805928125 0.5117864421875 0.9030526953125 0.5376534421875 0.9260972390625 0.537690721875 0.9178506734375 0.5303572359375 0.9233689375 0.5111271265624999 0.9283882140624999 0.5090600921874999 0.9218656562499999 0.48256277968749994 0.9274031125000001 0.46267254687500003 0.921121259375 0.43793045468749997
6 0.7249576578125 0.49172224218749994 0.7203078890625 0.5028561625 0.724993853125 0.51527653125 0.747068640625 0.516521628125 0.752972096875 0.48706544375 0.757011165625 0.4721371625 0.759784690625 0.4594052921875 0.75624304375 0.44895804375 0.7539175140625 0.44628079375 0.7559854671874999 0.4330176703125 0.741758996875 0.4372401234375 0.7415032421875 0.4434174015625 0.7292800234375 0.450516215625 0.7246052109375001 0.479044978125 0.7249576578125 0.49172224218749994
6 0.40700644218750004 0.4741672875 0.40807634843749996 0.47960605312500004 0.4130697875 0.4790315484375 0.41064933750000004 0.47780692187499996 0.4118058890625 0.47359617343749993 0.41357737656250004 0.4726881359375 0.41204649218749995 0.4608741421875 0.4123717734375 0.4585782796875 0.4145114171875 0.458345990625 0.4132960578125 0.4556872203125 0.41063856249999997 0.4566085421875 0.4103643 0.4587108 0.40719655625 0.46095886718749995 0.4061011203125 0.474183103125 0.40700644218750004 0.4741672875
6 0.4181936484375 0.456186390625 0.4164377484375 0.45655815781250003 0.414842715625 0.4602892953125 0.412402775 0.46418137656249997 0.4125749734375 0.4671507328125 0.41331162499999996 0.4729364140625 0.4143216515625 0.4759885890625 0.41087115 0.47906995781250006 0.412726615625 0.4797197265625 0.41518249999999995 0.47972555000000006 0.41549467343749996 0.47343428125000003 0.41738557500000006 0.4728652453125 0.4171253078125 0.47959415781250003 0.4195335328125 0.47901608749999997 0.4205014046875 0.47017954062499995 0.42304109843750004 0.4606333484375 0.41971391249999995 0.4594732890625 0.42038378437499996 0.45644049375 0.4181936484375 0.456186390625
6 0.4248216078125 0.474976803125 0.43270286562500004 0.472890028125 0.43462548281249996 0.46900698125 0.4356252359375 0.46796624531250003 0.4299422640625 0.46558043125 0.42980921250000004 0.46348747812499996 0.4259778734375 0.46541327343749994 0.42798049374999997 0.46858706406249995 0.42571665468750003 0.47086806875000004 0.420890284375 0.47236547656249994 0.41856496249999997 0.47898428125 0.42391663749999997 0.47942679374999997 0.4248216078125 0.474976803125
6 0.3880174234375 0.47325810312499994 0.3897645578125 0.47283275937499997 0.3892072171875 0.46948649218750005 0.38900678593750004 0.46512225625000003 0.3876035578125 0.46507722500000004 0.3830143359375 0.46633738124999996 0.38486634999999997 0.4679336765625 0.387553396875 0.46670226406250004 0.385434728125 0.46977448437499997 0.3847953703125 0.47600412812500004 0.3883933515625 0.47608933281250004 0.3880174234375 0.47325810312499994
2 0.34296055000000003 0.483993671875 0.342119046875 0.4837955515625 0.338712228125 0.4891068984375 0.33619440156249997 0.49580320625 0.3373954921875 0.5024345453125 0.3405069625 0.507281903125 0.348905075 0.5060848265625 0.3541611671875 0.5010912953125 0.35758835312500004 0.495079346875 0.3637334375 0.49147077499999997 0.364381621875 0.485157253125 0.3598042671875 0.48278635937500003 0.362291540625 0.477140953125 0.3628582484375 0.4736298328125 0.3606459546875 0.46981713437500006 0.3468018640625 0.46655775781250003 0.3348376 0.46256529999999996 0.3416679859375 0.46734768750000005 0.3461638640625 0.47252098125 0.344090534375 0.47990976874999997 0.34296055000000003 0.483993671875
6 0.3539461234375 0.45938267499999996 0.353736628125 0.46119796874999996 0.35065182031250003 0.46129124062500004 0.350498509375 0.46679316406250004 0.35858298906249997 0.4687930515625 0.36076481875 0.46741590468750005 0.36126886406250003 0.46445335156249995 0.35834515 0.46080239375 0.3582749890625 0.45962212031250005 0.35533481093749997 0.45833445156249997 0.3539461234375 0.45938267499999996
6 0.323264878125 0.45637415625 0.31869672968749996 0.45897449218749997 0.31870816875 0.47295536875 0.3209792109375 0.473900278125 0.3238419828125 0.47163889374999995 0.3238553875 0.4719990171875 0.32567438125 0.45794677968749997 0.323264878125 0.45637415625
6 0.3142464046875 0.45794950312499993 0.3141755296875 0.45499699062500004 0.3119674953125 0.45550723125000003 0.3070436546875 0.45953251093749997 0.30769531250000004 0.4712573546875 0.3098996265625 0.4709037796875 0.311189228125 0.46607648749999997 0.31359343906250003 0.4660344875 0.31655467187499997 0.46480125625 0.3162095828125 0.45870287187500003 0.3142464046875 0.45794950312499993
4 0.1323656828125 0.5883650078125 0.1321375515625 0.596211728125 0.1372157109375 0.6005345578125 0.1398332109375 0.5999986609375 0.141510140625 0.5982537671875 0.14297572812499998 0.5925911968750001 0.142134965625 0.587949259375 0.1395745 0.586523475 0.13730379374999999 0.586318059375 0.1323656828125 0.5883650078125
4 0.717666553125 0.4698124265625 0.7107902703125 0.47140306406250004 0.7018546203125 0.476705959375 0.696859478125 0.4807145890625 0.6966145546875 0.5003257109375 0.6987426796875 0.50543533125 0.702633284375 0.5058575359375 0.71014611875 0.5047459515625 0.714165046875 0.5007543734375 0.718105553125 0.499460109375 0.721663621875 0.500133209375 0.72628345625 0.49784673437500004 0.7276563687500001 0.4953718953125 0.7261220203125001 0.49221258749999997 0.726929671875 0.4868065953125 0.7247042718750001 0.47385593750000005 0.72611995625 0.4699098390625 0.7189824312499999 0.46929926875000005 0.72618411875 0.46770294687499997 0.7252435484374999 0.46649395 0.7226474374999999 0.46629421718749997 0.717666553125 0.4698124265625
4 0.8324129062500001 0.5055510671875 0.843407921875 0.4965359140625 0.8447665765625001 0.4945514953125 0.843935475 0.47839036718749994 0.8401304218750001 0.4750256421875 0.8365937390625 0.4736169109375 0.8239956171875 0.470650878125 0.8192000890625 0.467793625 0.814475853125 0.4624842734375 0.8048634078125 0.4575053984375 0.782496003125 0.4549551125 0.7632970984375 0.45529050312499997 0.7599860140625 0.45730903125 0.7585988421875001 0.46027429062499997 0.7582495171875 0.4722895859375 0.755871875 0.4757623171875 0.7556294859375 0.4840994625 0.7526010328125 0.4875835640625 0.7521544328124999 0.49175782031250004 0.7494442546875 0.49548144687500006 0.7489192359375 0.5023530140625 0.7505248734375 0.503060221875 0.7488764609375 0.503824275 0.7495058828125 0.504548534375 0.748451246875 0.5072629015625 0.7526400062499999 0.503023271875 0.7615601328125 0.5038477859375 0.77327471875 0.503643140625 0.778452684375 0.504533028125 0.79153305 0.5020987546875 0.795734803125 0.50300569375 0.8038699312500001 0.5028635796875001 0.8132068734375 0.5061316687499999 0.8111332484375 0.510334346875 0.8145986375 0.514195178125 0.8246790703125001 0.514264165625 0.82864809375 0.511989059375 0.8324129062500001 0.5055510671875
16 0.6120407359375 0.45597215625 0.605753634375 0.44848433437499996 0.6022240828125 0.4468303953125 0.59800094375 0.44665908437499996 0.5957017203125 0.44743450781250005 0.5952551203125 0.4516087625 0.59254494375 0.4553323921875 0.594340534375 0.46069290625 0.598202621875 0.46209595156249994 0.6105894046875 0.46114430625 0.6125988687499999 0.45914851875 0.6120407359375 0.45597215625
16 0.56645803125 0.44647485937500003 0.56316120625 0.448002965625 0.5589380687500001 0.44783165468749997 0.547441953125 0.4517087671875 0.5467768828125 0.45221055625 0.54894778125 0.455848915625 0.5488265875 0.46001748593749997 0.551372796875 0.461933690625 0.5549308671875 0.46260679062500004 0.5584532906249999 0.46450594062499995 0.5747378046875 0.463731290625 0.578295875 0.4644043921875 0.582046428125 0.45845681875000005 0.5876638671875 0.455417659375 0.5864406671875 0.4527430859375 0.583801778125 0.4540146140625 0.5812270546875 0.45307924999999993 0.5809871984375 0.4501424140625 0.5830109203125 0.44765620625 0.5788519453125 0.44527800468749995 0.576227315625 0.44605911093749995 0.56645803125 0.44647485937500003