4 0.70582120625 0.6075 0.6985446984375 0.5974999999999999 0.691268190625 0.5941666671875 0.6580041578125 0.5941666671875 0.64449064375 0.61 0.6455301453125 0.6316666671875 0.6829521828125 0.6291666671875 0.697505196875 0.635 0.7047817046875 0.635 0.70686070625 0.6325000000000001 0.70582120625 0.6075
6 0.7163680984374999 0.5953505265625 0.7142675765625001 0.5972944203125 0.7121670546875001 0.62735996875 0.721377009375 0.621398690625 0.7197612265625 0.5895188484375 0.7163680984374999 0.5953505265625
2 0.128205128125 0.95 0.135135134375 0.86944444375 0.128205128125 0.8166666671874999 0.0554400546875 0.825 0 0.85 0.0069300078125 0.922222221875 0.0069300078125 0.9916666671875 0.0554400546875 0.99444444375 0.12474012500000001 0.997222221875 0.128205128125 0.95
2 0.29279279375 0.7736111109375 0.3118503125 0.7875 0.322245321875 0.8041666671875 0.323977825 0.8291666671875 0.339570340625 0.8263888890625 0.339570340625 0.7958333328125 0.3516978515625 0.7875 0.3828828828125 0.777777778125 0.4019404015625 0.7638888890625 0.38808038749999996 0.752777778125 0.38115038125 0.7402777781250001 0.38808038749999996 0.7194444437499999 0.38808038749999996 0.6972222218749999 0.37941787968749996 0.6805555562500001 0.374220375 0.6611111109375 0.3603603609375 0.647222221875 0.3326403328125 0.640277778125 0.29972279999999996 0.6611111109375 0.28759528749999996 0.6875 0.277200278125 0.709722221875 0.29972279999999996 0.7111111109375 0.30492030468750003 0.7236111109375 0.29972279999999996 0.7486111109375 0.29279279375 0.7736111109375
2 0.49549549531250003 0.6666666671875 0.4920304921875 0.652777778125 0.49549549531250003 0.6375 0.49029799062499996 0.6208333328125 0.4625779625 0.6138888890625 0.44352044375000005 0.6236111109375 0.44352044375000005 0.6375 0.446985446875 0.6625 0.4521829515625 0.6763888890625 0.4625779625 0.6888888890625 0.4764379765625 0.675 0.49549549531250003 0.6666666671875
2 0.5590205593750001 0.60648148125 0.5486255484375 0.6083333328125 0.5486255484375 0.6148148156250001 0.5509355515625 0.6231481484375 0.5578655578125 0.6175925921875 0.5590205593750001 0.60648148125
2 0.9598059593749999 0.6611111109375 0.9759759765625 0.6666666671875 0.98175098125 0.6620370359375001 0.996765996875 0.66944444375 1 0.6666666671875 0.9979209984375 0.621296296875 0.9771309765625 0.6203703703125 0.9586509578125 0.61851851875 0.95056595 0.6268518515625 0.9494109484375001 0.6379629640625 0.95056595 0.6490740734375 0.9598059593749999 0.6611111109375
4 0.8762993765625 0.6675 0.8835758828125 0.6708333328125 0.9043659046875 0.6691666671875 0.9116424109375 0.6775 0.9230769234375 0.6775 0.9261954265625001 0.6741666671875 0.9293139296874999 0.6541666671875 0.9261954265625001 0.63 0.9054054046875001 0.6033333328125 0.8877338874999999 0.5891666671875 0.80561330625 0.5866666671874999 0.7983367984374999 0.5908333328125 0.7900207906250001 0.6033333328125 0.7796257796875 0.6091666671875 0.774428275 0.6291666671875 0.774428275 0.665 0.7785862781249999 0.6675 0.802494803125 0.6716666671875 0.8295218296875 0.665 0.8430353437500001 0.665 0.8762993765625 0.6675
2 0.9494109484375001 0.634259259375 0.9574959578125 0.61851851875 0.9471009468749999 0.6101851843749999 0.9367059359375001 0.615740740625 0.9240009234375 0.6129629640625 0.921690921875 0.627777778125 0.9332409328125 0.6361111109375 0.9413259421875001 0.634259259375 0.9471009468749999 0.6453703703125 0.9494109484375001 0.634259259375
4 0.5800415796875 0.6166666671875001 0.5644490640625001 0.6197916671875 0.5644490640625001 0.6283333328125 0.5675675671875 0.63 0.5800415796875 0.6224999999999999 0.5821205828125 0.61 0.6081081078125 0.5875 0.602910603125 0.5808333328125 0.5945945953125 0.5791666671875 0.56860706875 0.5791666671875 0.565488565625 0.5833333328125 0.5644490640625001 0.6027083328125 0.5852390859375001 0.6058333328125001 0.58108108125 0.6108333328125 0.5644490640625001 0.6069791671875 0.5644490640625001 0.6155208328125 0.5800415796875 0.6166666671875001
4 0.6424116421875 0.6308333328125 0.6392931390625 0.6033333328125 0.628898128125 0.5941666671875 0.609147609375 0.5908333328125 0.5945945953125 0.5925 0.5862785859375 0.6 0.58108108125 0.6125 0.5800415796875 0.6233333328125 0.5831600828125 0.6316666671875 0.615384615625 0.63 0.6268191265625 0.6341666671875 0.6392931390625 0.6341666671875 0.6424116421875 0.6308333328125
4 0.78170478125 0.6058333328125001 0.783783784375 0.595 0.7515592515625 0.5958333328125 0.7432432437500001 0.6025 0.7370062374999999 0.615 0.733887734375 0.63 0.7370062374999999 0.6383333328125 0.75571725625 0.64 0.772349271875 0.6366666671875 0.7765072765625 0.61 0.78170478125 0.6058333328125001