4 0.702730140625 0.57592948125 0.669531953125 0.5780569171875001 0.657057825 0.59472318125 0.6594809828125 0.6162804765625001 0.69666905625 0.6113920609375 0.711566340625 0.61628309375 0.7188284453125 0.615817715625 0.720743440625 0.6131897000000001 0.7181070968750001 0.58830566875 0.7102054328125 0.578790840625 0.702730140625 0.57592948125
6 0.7257105484374999 0.6077204703125 0.7345210140625 0.6011819593750001 0.7308695203125 0.5694685609375 0.7278560796875 0.57550570625 0.7258840390625 0.57758009375 0.7257105484374999 0.6077204703125
2 0.1653036046875 0.8862304406250001 0.15501185625 0.8340003515625 0.082923784375 0.8469709562500001 0.029192373437500002 0.8754671984375 0.0407277125 0.9471032421875 0.0440932875 0.9996223265624999 0.1632510421875 0.9982358 0.1635393328125 0.9670697578125 0.1653036046875 0.8862304406250001
2 0.40673350937499997 0.6981717421875 0.397022215625 0.6820920874999999 0.390591409375 0.6630185421875 0.3758705515625 0.650043578125 0.3477612546875 0.64488574375 0.316241296875 0.6677831140625 0.3058255203125 0.694895396875 0.2968723328125 0.7177384531250001 0.3194391015625 0.7176841421875 0.32542576875 0.7298269875 0.321837453125 0.7551099125 0.316520065625 0.7805036421875 0.336428140625 0.79314619375 0.34786850625 0.8091150468749999 0.3511964828125 0.8339547578125 0.366580478125 0.8301852406249999 0.364626265625 0.79969016875 0.3761968015625 0.790597703125 0.406698309375 0.7789002546875 0.4248298265625 0.7638200140625 0.410286625 0.753617328125 0.4025708859375 0.7415852875 0.40815475625 0.7203499765625 0.40673350937499997 0.6981717421875
2 0.507635359375 0.647167034375 0.510116396875 0.6316978890625 0.5038632468750001 0.615396625 0.4757539484375 0.610238790625 0.45735595 0.6211606125 0.45824422656249997 0.6350220078125 0.4633012734375 0.659750915625 0.46937676875 0.6732798984375 0.480550653125 0.6850903328125 0.493494953125 0.670342503125 0.5119817828125 0.660806821875 0.507635359375 0.647167034375
2 0.5616904265625 0.6056596203125 0.564528825 0.61382871875 0.571089803125 0.6078409437500001 0.5715318953125 0.5966779578125 0.561275896875 0.5991909671875 0.5616904265625 0.6056596203125
2 1 0.5835979671875 0.9897029609375 0.5837986578125001 0.9711410859375 0.58313238125 0.96360505 0.5919663046875 0.9631629578125 0.6031292921875 0.96502629375 0.6141445390625 0.97501785625 0.6255667953125 0.9915111781249999 0.6300771828125 0.9969786578125 0.62508736875 1 0.6263445375 1 0.5835979671875
4 0.8018735296875 0.5787621749999999 0.7918721718749999 0.5852487859375 0.7879640765625 0.605541609375 0.7902558359375 0.6413040125 0.7945654984375 0.6435331328125 0.8186931812499999 0.6461624578125 0.8452403343749999 0.6377804453125 0.8587270984375 0.636916175 0.8920851781250001 0.6372837890625 0.8995604687500001 0.640145146875 0.92020274375 0.6371521312499999 0.9279978140624999 0.64500359375 0.9394096921875 0.6442722875 0.9423088359375 0.6407461046875 0.94414204375 0.6205862468750001 0.9394841093749999 0.5966668625 0.9170297453125 0.5713826296875 0.8984871640625001 0.55837420625 0.8163692453125 0.561131265625 0.8093736249999999 0.565755059375 0.8018735296875 0.5787621749999999
2 0.9490618484375 0.5817636171875 0.9362043296874999 0.579803903125 0.934846396875 0.5947371312499999 0.9469065125 0.602315275 0.9548570812499999 0.599950003125 0.9613312765625001 0.6106697734375001 0.9629260828125 0.5994329171875 0.9699883734375 0.58320625 0.9590809703125001 0.575554234375 0.9490618484375 0.5817636171875
4 0.5976570703124999 0.594354259375 0.5938270765625 0.599610290625 0.5769814828125 0.5968274734375 0.577527775 0.6053522296875 0.593162709375 0.605498559375 0.5778009203125001 0.6096146109375 0.5783472109375001 0.61813936875 0.5815661359375001 0.6196032890625001 0.5935357859375 0.611320346875 0.5948112234375 0.5987121234375 0.6193082953125 0.574594603125 0.61369470625 0.5682735437499999 0.605288565625 0.5671420359375 0.5793524796875 0.568804096875 0.5765066328125 0.5731619609374999 0.5767083375000001 0.5925650921875001 0.5976570703124999 0.594354259375
4 0.65631535625 0.615648240625 0.6514442359375 0.588402121875 0.6404835359375001 0.579918425 0.620558925 0.5778548546875 0.6061413124999999 0.580448975 0.5983214343750001 0.5884659890624999 0.59393366875 0.601273659375 0.5935890828125 0.6121520296875 0.5972343796875 0.6202694203125 0.6292885328125 0.6165450984375 0.6409668921875 0.6199722125 0.6534162125 0.6191744234375001 0.65631535625 0.615648240625
4 0.763008453125 0.5737368703125 0.7551352796875 0.5809222 0.7497100703124999 0.5937963500000001 0.7475570796875 0.60896610625 0.751202378125 0.6170834953125001 0.769982953125 0.61755018125 0.786368859375 0.6131597281250001 0.7888131375 0.5862799171875 0.7937338703125 0.5817890859375 0.7951159015625 0.57084423125 0.763008453125 0.5737368703125