6 0.151860078125 0.57575975 0.164805940625 0.5741836453125 0.1709763046875 0.5458151109375 0.182376175 0.5455516406250001 0.1883647453125 0.5726028375000001 0.20363666875000003 0.5616830968750001 0.1876623703125 0.499512028125 0.1763670359375 0.49518364843749996 0.1758277 0.48066546718750003 0.1563948734375 0.47795834687500005 0.157390540625 0.49123636406250004 0.1544656015625 0.4986322421875 0.15577440625 0.5284286703125 0.150091521875 0.555564559375 0.157514921875 0.5629757343749999 0.151860078125 0.57575975
6 0.66816966875 0.47426929375000004 0.6655057484375 0.46720937500000004 0.6631800906249999 0.4651052203125 0.658734109375 0.4643082734375 0.6598960953125 0.4671249546875 0.657795315625 0.4678645890625 0.6574500578125 0.4828487640625 0.6619332453125 0.48113038281250003 0.662988775 0.47538688437500004 0.66816966875 0.47426929375000004
2 0.638077771875 0.48152673906250004 0.6422373593749999 0.47603920000000005 0.6533546421875001 0.47247641875 0.641447409375 0.474192959375 0.6160907734375 0.48536628593750003 0.6180228515625 0.4887598859375 0.6207163515625 0.49318505312500005 0.62121118125 0.496959525 0.618003521875 0.498563275 0.6196785218749999 0.5049713312499999 0.6230193203125001 0.5071693828125 0.6267978890625 0.5115125625 0.6305669468749999 0.5155841859375 0.6357637453125 0.5190033765625001 0.6433402125 0.517886346875 0.6453581890625 0.5133774546875001 0.6495558171875 0.50897614375 0.64649111875 0.5043067484375 0.6426364703125 0.49779110937500004 0.64140875 0.4937997390625 0.6482618375 0.49273736562500003 0.6481762468750001 0.4902933515625 0.6406283125 0.492225053125 0.6401620109375 0.489265253125 0.638610640625 0.48638744218749996 0.638077771875 0.48152673906250004
6 0.648161525 0.482606646875 0.6517389234375 0.4826267890625 0.6537459734375 0.4709298171875 0.6479134296875 0.46399033437500004 0.6479358859375 0.47064270625000004 0.648161525 0.482606646875
6 0.6227833625 0.47085344375 0.618876825 0.471313865625 0.61734749375 0.47536674687499997 0.617295465625 0.489065721875 0.6202044765625 0.48970185624999996 0.6210300203125 0.48290608281249997 0.6284750906250001 0.4785773953125 0.6227833625 0.47085344375
6 0.590984646875 0.48126215468750005 0.5942658203125 0.48208910937500005 0.595657184375 0.48095795468749997 0.590148790625 0.47988941562500004 0.5884341656250001 0.4790119546875 0.5875156328125 0.48435805624999995 0.589367903125 0.4852441265625 0.58848179375 0.49151608125 0.5946788203125 0.49202500000000005 0.5943647984375 0.4849154140625 0.590984646875 0.48126215468750005
6 0.5652113484375 0.49009860781250003 0.568285965625 0.49059916562500006 0.5655851328125 0.49705710625000005 0.571085653125 0.49625061718749996 0.570252621875 0.4910368640625 0.5724190078125 0.491606046875 0.5729671749999999 0.4793989109375 0.570107728125 0.47419931406250004 0.5669938828125 0.4722772125 0.564863296875 0.47458796562499994 0.5673079484375 0.4756735609375 0.565983125 0.48056177968749997 0.562413396875 0.482639271875 0.5657525921875 0.48512302343749997 0.5652113484375 0.49009860781250003
6 0.5655306484375 0.486214675 0.5637142921875 0.4807820734375 0.56565535 0.4804888328125 0.5656861140625 0.477652725 0.5620122890625 0.47675772031249997 0.5635060968750001 0.474837090625 0.560247203125 0.47360117968750004 0.5563290953125 0.4779200171875 0.5576794015625001 0.483045828125 0.5585602140625 0.489624003125 0.5600334171875 0.49640171093749996 0.5677890890625 0.4968417140625 0.5655015125 0.49466936562499997 0.5655306484375 0.486214675
6 0.558952865625 0.48969205000000005 0.55286851875 0.48868603437499997 0.55253394375 0.48656155468750006 0.5531780640624999 0.483049253125 0.5499459328125 0.481382690625 0.5448328984375 0.48582426874999995 0.5446262859375001 0.48921110468749995 0.5495923875 0.49357511875000004 0.5547821953125001 0.49318297656250004 0.5543399859375 0.49727163125 0.5603850859375 0.49715687031250005 0.558952865625 0.48969205000000005
16 0.42071296093750005 0.484423015625 0.4103186484375 0.4783449703125 0.3979357953125 0.4782928015625 0.3905302890625 0.47984018125 0.389680553125 0.4853951421875 0.3954634796875 0.493978703125 0.40204815624999996 0.4956382453125 0.41059254375 0.49361994375 0.425694209375 0.49247885937499997 0.42071296093750005 0.484423015625
4 0.1158830515625 0.5306768609375 0.11464060312499999 0.5417979109375 0.1128415421875 0.54634471875 0.114965846875 0.5510851703124999 0.12431152187500001 0.5569953109375 0.12539079375 0.5598543406250001 0.13083021875 0.566059640625 0.1351390234375 0.5679395015625001 0.139379353125 0.5678641484375 0.14188937031249998 0.564978959375 0.1480314703125 0.563289621875 0.1539079640625 0.563335690625 0.1563580671875 0.5587396921875001 0.1542765578125 0.5552212453125 0.156418259375 0.5511386468749999 0.1573868203125 0.532196746875 0.1553315421875 0.5107877984375 0.153626909375 0.5087111671875 0.1503802578125 0.509201534375 0.14056300156249998 0.51778486875 0.1361768890625 0.52301725 0.1294179828125 0.5257333890625 0.12131419843749999 0.527325903125 0.1158830515625 0.5306768609375
4 0.19971392187499998 0.5013080546875 0.19190998125 0.5021427703125 0.1893571671875 0.5038059500000001 0.1883974453125 0.513680396875 0.18623006875 0.5170297921875 0.1865210734375 0.5253394421875 0.18887674999999998 0.5273668828125 0.1934166453125 0.5358455828124999 0.19495838125 0.542590440625 0.20158834531249997 0.5548319890625 0.20424386718749998 0.5561016249999999 0.20911812031250002 0.555488278125 0.21378667812500002 0.5583211484375 0.2200058109375 0.5588314234375 0.2284607921875 0.557947515625 0.23225577656250002 0.5544751406249999 0.23497148750000002 0.5481437328125 0.238509421875 0.5466511656249999 0.251838659375 0.5451539109375 0.2627691453125 0.5497190625 0.2708215734375 0.5466601375 0.27295471718750003 0.5423331359375 0.27316069062500004 0.529575065625 0.2719359171875 0.5225612109375 0.2665649625 0.5183111234375 0.25012629999999997 0.5148973140625001 0.2497323078125 0.5129666984375 0.2453207953125 0.50815401875 0.233987759375 0.5014138499999999 0.22253461562500002 0.5005639125 0.19971392187499998 0.5013080546875