4 0.333266025 0.6315324984374999 0.3476262734375 0.6259540390625 0.3851642078125 0.6291067625 0.385447309375 0.6074615375 0.3713701578125 0.591394771875 0.33808076875 0.590814234375 0.330915203125 0.5940200671875 0.3239826234375 0.6038915515625 0.323816015625 0.628869603125 0.3259839703125 0.6314055046875 0.333266025 0.6315324984374999
6 0.318325990625 0.6236377453124999 0.31517315468749996 0.5935401171875 0.31300309843749996 0.5915598609375 0.30940358125 0.5856698515625001 0.3089006828125 0.6175166390625 0.318325990625 0.6236377453124999
2 1 0.84078969375 0.9824606421875 0.8327091421875 0.9093488687500001 0.823107153125 0.9042580250000001 0.8757559453124999 0.9140085203125 0.956420178125 0.9187263734375 1 1 1 1 0.84078969375
2 0.65354119375 0.74231539375 0.647042746875 0.7546925453125 0.6335604703125 0.7655600734375 0.6531178984375 0.779779446875 0.6846664687499999 0.7900444421875 0.697094453125 0.798588159375 0.698162290625 0.8291390625 0.71386376875 0.8321885437500001 0.714723909375 0.8072225875000001 0.724544384375 0.7907398765625 0.7431310515625 0.777185703125 0.7353220781250001 0.752068565625 0.7292469265625 0.7269816640625 0.7340115515625001 0.7145742765625 0.7565027046874999 0.713578671875 0.7453231625 0.691178415625 0.7322641812499999 0.6645818921875 0.6985934828125 0.6431772421875 0.6710950140625 0.649636846875 0.6577098140625 0.6632817296875 0.6531878796874999 0.6826325046874999 0.645101225 0.69914545 0.6458778328125 0.7213642874999999 0.65354119375 0.74231539375
2 0.570255628125 0.689513225 0.580221721875 0.6771965468750001 0.5849378078125 0.66340048125 0.58753176875 0.6384647625000001 0.5870463875 0.6245779890625001 0.567634575 0.6145246484375 0.5401361062500001 0.6209842531249999 0.53551709375 0.637557671875 0.5395186578125 0.652893596875 0.53653639375 0.666719896875 0.55589966875 0.6753845609375 0.570255628125 0.689513225
2 0.48155374999999995 0.6139486953125 0.4813272390625 0.6074682 0.4708595875 0.6054352125 0.472403771875 0.6165647890625 0.4795332140625 0.62224044375 0.48155374999999995 0.6139486953125
2 0.032142296875 0.612587903125 0.03213575625 0.6131867640625 0.034611946875 0.6604352921875 0.03498083125 0.660748875 0.0497484234375 0.6536046437499999 0.055689625 0.6583343562499999 0.0716778171875 0.653061853125 0.08050420625 0.6411879093749999 0.081271784375 0.6300986484375 0.079727596875 0.6189690718749999 0.07134519843750001 0.6104959046875 0.052915809375 0.6120249531249999 0.032142296875 0.612587903125
4 0.10422671875 0.6225420640625 0.10195040156249999 0.646650625 0.10577022968750001 0.6667020046875 0.10900760000000001 0.6700892546875 0.12045083125 0.670288815625 0.12744165624999998 0.66208374375 0.148305771875 0.6641129921875 0.155471334375 0.660907159375 0.18867335624999998 0.6589880781249999 0.20219717187500003 0.6592239203125 0.22947778593749998 0.666361259375 0.253258921875 0.6626124875 0.257332728125 0.6601854359375 0.256080446875 0.6243575609375001 0.25018003125 0.6042698984375 0.23957323593750002 0.5982560343750001 0.230814046875 0.585612803125 0.22338637656250002 0.5813197796875 0.1412905609375 0.582386196875 0.124100659375 0.5962422953125001 0.10422671875 0.6225420640625
2 0.108656996875 0.6203987953125 0.10582749531249999 0.6055459234375 0.09320987343750001 0.6081015437499999 0.0826127859375 0.602365415625 0.07250107812499999 0.6105160625 0.0811423484375 0.6263955078125 0.083842415625 0.6375452421875 0.08923351874999999 0.6265366109375 0.097389409375 0.628529284375 0.108656996875 0.6203987953125
4 0.4631279734375 0.628800984375 0.466190609375 0.6271889953125 0.46589210000000003 0.6186486312499999 0.4501784875 0.6152519796875 0.4657428453125 0.614378446875 0.46544433593749995 0.6058380828125001 0.4489343328125 0.6094013921875 0.444598421875 0.6043295859375 0.46529508125 0.6015678984374999 0.46357768281249995 0.5821777078125 0.4603111875 0.5779572515625 0.43430384999999994 0.57750370625 0.4260397484375 0.5790249843749999 0.4210712640625 0.5855999265625 0.447864915625 0.6085500453125 0.45038234531250004 0.621084425 0.4631279734375 0.628800984375
4 0.3914933375 0.6317152328125 0.403976859375 0.631932934375 0.4152744734375 0.6279664609375 0.4475818171875 0.6301952703125 0.45041146875000004 0.6219176296875 0.44899257812500004 0.61106780625 0.44335426875 0.598479 0.4347698140625 0.5908350078125 0.42014746093750005 0.588914609375 0.4004983765625 0.5919027421874999 0.3904157921875 0.6008865937500001 0.38825596406249996 0.6283279796875 0.3914933375 0.6317152328125
4 0.275184325 0.6355157953125 0.2938513625 0.634175934375 0.29668101406249997 0.625898296875 0.2930359234375 0.6108461562499999 0.2863573203125 0.598239209375 0.277801990625 0.591428421875 0.24552376874999998 0.5900328218750001 0.2479829546875 0.6009007875 0.253330034375 0.6051575296875 0.2584231390625 0.6318927015625 0.275184325 0.6355157953125