6 0.9014292968750001 0.4985144015625 0.8995146296875 0.494713453125 0.8857585312499999 0.49497415624999996 0.8805608234375001 0.5098038687499999 0.8674353453125001 0.517132771875 0.8623763375 0.55311608125 0.8620766578125 0.5700710609375 0.8436840796875 0.57746704375 0.8525192203125 0.5924847140625 0.8598547562500001 0.5918168984375 0.8567097218749999 0.581370934375 0.872749384375 0.574347121875 0.8906730140624999 0.572004584375 0.8827611359375 0.5975504265625 0.9058288828125001 0.598662171875 0.8976166796875 0.5909327734375001 0.9032526359374999 0.5719299671875 0.9082890609375 0.5700937234375 0.9019143125 0.54325100625 0.9075733265625001 0.5235879406249999 0.9014292968750001 0.4985144015625
6 0.7047528109375001 0.5432442890625 0.700033421875 0.554178778125 0.70465175625 0.5668369828125 0.7267417218750001 0.5691132156250001 0.7328228625000001 0.53988635 0.7369530453124999 0.5251231125 0.7398035968750001 0.51250070625 0.7363192421875 0.5018720515624999 0.734006953125 0.49908220312499996 0.7361543109375 0.48589482031250003 0.721888771875 0.489460575 0.7215967562500001 0.49563555781249996 0.7093197359375 0.5021755515625 0.7044738953125 0.53053083125 0.7047528109375001 0.5432442890625
6 0.38658078281249997 0.510838103125 0.3876200734375 0.5163352296875 0.3926219375 0.515992640625 0.39020616406249997 0.5146532546875 0.391388434375 0.5104898640625 0.393167015625 0.5096630015625 0.39170343124999996 0.497759221875 0.3920424265625 0.49547494375 0.394185596875 0.49534205 0.39298449999999996 0.49262247031250006 0.39031893281249996 0.49342132968749997 0.39003214062499997 0.4955140765625 0.386848071875 0.49761795781249996 0.385674446875 0.510811734375 0.38658078281249997 0.510838103125
6 0.397884159375 0.493350759375 0.3961243046875 0.49364124218749994 0.39450590625 0.497303828125 0.3920408 0.5010882203125 0.39219586562500003 0.504070234375 0.392899546875 0.509899278125 0.3938928109375 0.5130033015625 0.3904208390625 0.5159286015625 0.39227440625 0.516665890625 0.3947327515625 0.5167862234375 0.395081909375 0.5104997015625 0.39697805 0.5100179390624999 0.3966783015625 0.51674520625 0.3990923421875 0.516278515625 0.40011270000000004 0.50747331875 0.40271061562500005 0.498030653125 0.39938680937500004 0.4967136609375 0.4000750375 0.49370736875 0.397884159375 0.493350759375
6 0.4044093328125 0.512479478125 0.4123107640625 0.5107569015625 0.41425796718749996 0.5069574375 0.415264803125 0.5059616921875 0.40958996093750005 0.5033071984374999 0.409468971875 0.50120478125 0.405622515625 0.50295495 0.4076086734375 0.50622705625 0.4053292375 0.5084060703125 0.400489234375 0.5096807921875001 0.398122971875 0.5162015015625 0.40347750624999995 0.5168942125 0.4044093328125 0.512479478125
6 0.3675777640625 0.509042175 0.3693291515625 0.5086976265625001 0.368790746875 0.50532015625 0.36861555 0.5009397718749999 0.3672111578125 0.50082925 0.3626099265625 0.50187740625 0.3644545203125 0.5035625359375 0.367151475 0.5024544828125 0.365012746875 0.5054327109375001 0.36433643125000004 0.5116422578125001 0.3679375734375 0.51189534375 0.3675777640625 0.509042175
2 0.322412528125 0.5176937875000001 0.3215713234375 0.517456125 0.3181300859375 0.5226169171875 0.315570671875 0.5292062734375 0.31673433125 0.5359039484375 0.31982071093750003 0.5409039265625 0.3282343359375 0.5400965296875 0.3335248734375 0.5353402703125 0.33699058437499996 0.5294787359375001 0.34316294375 0.52615104375 0.3438485859375 0.5198579 0.3392803984375 0.5172699 0.34180310468749997 0.511731659375 0.3423908515625 0.5082414859375 0.34019853125 0.5043197015625001 0.32635936875 0.5004097890625 0.314406215625 0.4958532953125 0.32121566874999996 0.5009615937499999 0.3256859640625 0.5063525624999999 0.3235674625 0.5136562015624999 0.322412528125 0.5176937875000001
6 0.33355270937500003 0.493556609375 0.3333324203125 0.495364965625 0.330243934375 0.495314559375 0.33005839843749996 0.5008179109374999 0.3381394390625 0.5031978406250001 0.34033151250000004 0.50192026875 0.3408533359375 0.49897659843750003 0.33794793125 0.4951836375 0.337884578125 0.493998253125 0.334948915625 0.49257149843750003 0.33355270937500003 0.493556609375
6 0.3028578171875 0.4891129453125 0.2982698703125 0.49150435468750003 0.298199834375 0.5055075578125 0.3004676765625 0.506559821875 0.3033465390625 0.5044283843749999 0.3033578578125 0.50478969375 0.3052606046875 0.4908003609375 0.3028578171875 0.4891129453125
6 0.29382099687499996 0.490270278125 0.2937672578125 0.4873098609375 0.29155400781249996 0.48771794999999996 0.28660169999999996 0.49151994062500004 0.2871856828125 0.50329344375 0.2893942953125 0.5030420906249999 0.29071334531250004 0.4982673984375 0.2931202453125 0.4983374234375 0.2960916734375 0.4972403328125 0.295781778125 0.49111635312499996 0.29382099687499996 0.490270278125
4 0.11099530625000001 0.6124092375 0.11072120781250001 0.620257553125 0.11577933437500001 0.62482388125 0.11840261562500001 0.6244091828125 0.1200914203125 0.6227397546875 0.12159150156250001 0.6171366875000001 0.12077694218749999 0.6124483140625 0.11822218437500001 0.61090093125 0.11595036562500001 0.6105893265625 0.11099530625000001 0.6124092375
4 0.697581996875 0.5209603859375 0.6906894546875 0.522232909375 0.681713815625 0.5271274625 0.6766902328125 0.530909453125 0.6763307578125 0.550539728125 0.678431265625 0.55575653125 0.6823233609375 0.5563607875 0.6898503109375 0.5555977390625 0.6938965875 0.551787315625 0.6978486421875 0.5506747515625 0.7014064062500001 0.5515147890625001 0.7060442609375001 0.549440140625 0.70743299375 0.5470254515625 0.7059154984375 0.543789684375 0.7067554796875 0.5384129203125 0.7046033 0.5253383203124999 0.7060434250000001 0.521452075 0.6989022031250001 0.520507778125 0.7061205140625 0.519244734375 0.7051860343749999 0.51799 0.70258845 0.5176689171875 0.697581996875 0.5209603859375
4 0.8122366640625 0.562104565625 0.8232953999999999 0.5535879796875001 0.8246670015625 0.5516638140625 0.82392925 0.5354387453125 0.8201399390624999 0.531891371875 0.8166078750000001 0.530315553125 0.8040142375 0.5267575328125 0.7992304875 0.5236722453125 0.7945323953125001 0.5181343578125001 0.7849392015625 0.512699559375 0.7625639265624999 0.5091024625 0.7433435562499999 0.5085432640625001 0.7400173437500001 0.5104105640625 0.7386114781249999 0.513315771875 0.7381917671875 0.525333509375 0.7357914671875 0.528700803125 0.735500240625 0.5370396421875 0.7324484015625 0.540387978125 0.73197701875 0.5445479203125 0.7292423828125 0.5481509953125 0.7286767796875 0.5550087953125 0.7302799281250001 0.555791965625 0.7286253859375 0.5564803546875 0.729251228125 0.5572350890625 0.7281797 0.5599045171875 0.732397425 0.5558535703125 0.7413218109375 0.5570952546875 0.7530494953125 0.5574364609375 0.7582275359375 0.5585691484375 0.7713353859375001 0.5567409249999999 0.7755361203125 0.5578451796875 0.7836803453125001 0.558082128125 0.793007728125 0.561790628125 0.7909075015625 0.565903178125 0.7943539109375 0.5699315953124999 0.8044441843750001 0.570470671875 0.8084305015625001 0.5683770671875 0.8122366640625 0.562104565625
16 0.5919295 0.502173940625 0.5856796515625 0.49438132343749996 0.582156153125 0.492560246875 0.5779297203125 0.4921917734375 0.575623640625 0.492861209375 0.575152259375 0.49702114843749995 0.5724176234375 0.5006242249999999 0.5741837953125 0.5060768109375 0.5780416296875 0.5076621046875001 0.5904465484375 0.5072864874999999 0.5924696875000001 0.505381275 0.5919295 0.502173940625
16 0.546355825 0.49053663125 0.5430467421875 0.49191341250000004 0.5388203093749999 0.49154493906249996 0.5272899140625 0.4948921109375 0.52662124375 0.495363675 0.5287731421874999 0.4991089203125 0.5286275296875 0.5032783375000001 0.5311651562499999 0.5053162421875 0.5347229203125 0.5061562796875 0.5382378531249999 0.5082226171875 0.554543434375 0.5082059921875001 0.558101196875 0.5090460296875 0.561890228125 0.5032640484375001 0.5675310875 0.50048205625 0.5663222343750001 0.4977462828125 0.5636732531249999 0.498896759375 0.5611013625 0.49783989531249995 0.5608783828125 0.4948873 0.5629186515625 0.4924915671875 0.5587693093749999 0.48991575468750004 0.5561374609375 0.4905757109375 0.546355825 0.49053663125